t(s)	cell#0
0	-0
1000	-5.07473e-27
2000	1.27085e-27
3000	1.39666e-26
4000	-3.30792e-26
5000	-7.29178e-26
6000	-1.62189e-26
7000	5.94118e-28
8000	1.28448e-24
9000	4.32759e-27
10000	3.69463e-27
11000	6.97783e-28
12000	-1.01082e-26
13000	-1.38891e-27
14000	1.62926e-28
15000	0.000780187
16000	-1.49437e-27
17000	-2.71353e-27
18000	-1.98343e-26
19000	1.21222e-27
20000	3.52847e-26
21000	-4.42489e-27
22000	-4.73418e-28
23000	-1.45244e-25
24000	-6.07569e-27
25000	-1.70564e-27
26000	2.61962e-29
27000	-3.58456e-25
28000	-1.61476e-27
29000	-4.34811e-27
30000	0.000780122
31000	2.05676e-26
32000	-2.07424e-26
33000	6.94201e-27
34000	-8.07403e-28
35000	-6.06899e-27
36000	-1.08129e-26
37000	-2.65109e-27
38000	9.71453e-26
39000	-4.83609e-27
40000	-4.60135e-28
41000	-7.04364e-31
42000	-3.68564e-27
43000	7.66467e-27
44000	3.41614e-27
45000	0.000780167
46000	9.44476e-28
47000	-3.61211e-27
48000	-4.50997e-28
49000	-5.52389e-28
50000	-4.82195e-27
51000	3.03773e-27
52000	-5.91467e-31
53000	-3.40504e-25
54000	-7.15774e-28
55000	-9.9623e-27
56000	-3.62921e-28
57000	2.58243e-26
58000	2.40809e-27
59000	4.79658e-28
60000	0.000780148
61000	-2.12444e-26
62000	5.90826e-27
63000	1.17799e-27
64000	-6.01149e-28
65000	8.72904e-27
66000	-4.35581e-28
67000	2.0467e-28
68000	-2.35857e-25
69000	-3.41515e-28
70000	4.28302e-27
71000	-5.00035e-28
72000	8.01869e-27
73000	-1.17071e-26
74000	-5.51734e-27
75000	0.000780198
76000	9.97276e-28
77000	1.5774e-27
78000	6.92831e-28
79000	9.39651e-29
80000	1.1625e-26
81000	-1.13588e-27
82000	-1.93435e-27
83000	-1.71788e-25
84000	3.68068e-27
85000	-3.8438e-28
86000	-1.03781e-27
87000	-1.87034e-26
88000	7.67498e-28
89000	-1.59309e-28
90000	1.98476e-08
91000	-4.08958e-27
92000	-1.70988e-28
93000	-9.54495e-28
94000	1.81431e-27
95000	-1.31486e-26
96000	5.29561e-28
97000	-1.08265e-29
98000	-1.07704e-26
99000	-3.00598e-27
100000	2.73938e-29
101000	-1.29933e-28
102000	-2.93362e-28
103000	-9.81412e-27
104000	4.75912e-28
105000	3.28011e-08
106000	8.87634e-27
107000	7.985e-28
108000	-6.70034e-28
109000	6.00171e-27
110000	4.60728e-27
111000	-1.07808e-28
112000	-7.14401e-28
113000	1.04261e-27
114000	1.72622e-27
115000	2.14906e-27
116000	-1.91746e-28
117000	5.4192e-26
118000	2.44749e-27
119000	4.84319e-28
120000	1.67507e-08
121000	4.25264e-27
122000	3.12876e-28
123000	3.73437e-29
124000	-5.76572e-25
125000	1.09527e-28
126000	-4.37151e-28
127000	-1.04875e-30
128000	-3.68857e-27
129000	-3.10341e-28
130000	-1.33309e-28
131000	-5.32759e-30
132000	5.48138e-27
133000	-1.75136e-28
134000	3.51035e-28
135000	3.00591e-08
136000	-6.22641e-27
137000	6.4529e-29
138000	3.02248e-28
139000	2.55364e-25
140000	3.13269e-28
141000	2.34589e-29
142000	-4.20629e-30
143000	1.08404e-26
144000	-8.31947e-29
145000	-4.26672e-28
146000	2.05779e-29
147000	1.81174e-27
148000	-1.48987e-28
149000	1.09847e-28
150000	1.51617e-08
151000	1.24021e-29
152000	4.75075e-29
153000	-9.3322e-31
154000	1.14094e-25
155000	1.79262e-27
156000	4.10438e-29
157000	6.68346e-29
158000	-9.51385e-27
159000	1.27527e-28
160000	-6.87641e-29
161000	8.79366e-30
162000	2.84833e-27
163000	-1.04434e-28
164000	-2.39016e-29
165000	1.55238e-08
166000	-1.98845e-28
167000	-4.06302e-29
168000	6.23024e-29
169000	2.90245e-25
170000	5.34782e-28
171000	2.93099e-28
172000	2.62562e-31
173000	2.70682e-26
174000	-4.96321e-28
175000	6.54848e-30
176000	-1.72574e-25
177000	1.22817e-28
178000	1.10321e-28
179000	1.2843e-30
180000	1.6748e-08
181000	4.47284e-28
182000	-1.33511e-29
183000	1.42188e-30
184000	-3.20463e-25
185000	-1.7116e-28
186000	4.55427e-29
187000	-1.12722e-25
188000	-1.20518e-27
189000	-2.92086e-28
190000	2.47834e-29
191000	1.12943e-26
192000	-4.12059e-27
193000	-8.82442e-29
194000	-4.28719e-29
195000	2.27164e-08
196000	-1.63538e-29
197000	4.56929e-29
198000	-9.38341e-30
199000	1.26097e-25
200000	2.87802e-28
201000	-1.13923e-28
202000	-1.65854e-25
203000	-3.72217e-27
204000	4.01288e-29
205000	4.83085e-29
206000	-6.73046e-26
207000	-3.86255e-27
208000	3.6476e-30
209000	-2.85467e-30
210000	0.000780219
211000	1.6634e-27
212000	-2.29616e-28
213000	-2.14909e-29
214000	2.09597e-26
215000	-1.48108e-27
216000	-3.17339e-29
217000	6.88097e-26
218000	-3.05623e-27
219000	1.47243e-28
220000	-1.42158e-29
221000	-1.06071e-25
222000	1.70966e-27
223000	1.81669e-30
224000	-4.71732e-29
225000	0.00078013
226000	2.51798e-29
227000	-1.74263e-29
228000	-8.34847e-30
229000	1.57963e-25
230000	3.38709e-28
231000	-2.11382e-29
232000	-7.99996e-26
233000	8.61388e-27
234000	-4.92597e-28
235000	-2.32337e-29
236000	-1.51651e-26
237000	-2.6143e-27
238000	-9.98301e-29
239000	-9.67601e-30
240000	0.000780189
241000	3.91808e-29
242000	-6.85055e-29
243000	3.18243e-30
244000	-1.74166e-26
245000	-1.04735e-29
246000	-8.49927e-31
247000	-1.1274e-25
248000	-2.17777e-27
249000	-3.82649e-29
250000	4.80502e-29
251000	5.97559e-26
252000	-1.46338e-27
253000	2.53413e-29
254000	1.58997e-31
255000	0.000780226
256000	-1.12618e-27
257000	2.33844e-30
258000	-1.69316e-29
259000	4.8812e-26
260000	2.45642e-29
261000	-9.28301e-30
262000	-2.01897e-30
263000	6.75079e-27
264000	-7.10207e-29
265000	1.08614e-29
266000	2.702e-26
267000	-1.94201e-27
268000	1.19857e-29
269000	6.05531e-30
270000	0.0007802
271000	-6.32905e-29
272000	1.44117e-29
273000	5.09479e-30
274000	-5.55958e-27
275000	-7.0386e-29
276000	6.82204e-30
277000	3.81594e-29
278000	3.99418e-27
279000	-8.59597e-29
280000	-2.4926e-29
281000	-9.49205e-30
282000	-3.55472e-28
283000	8.69224e-29
284000	2.93307e-30
285000	0.000780212
286000	-6.87261e-30
287000	2.92567e-31
288000	5.01371e-30
289000	1.21138e-26
290000	3.01501e-28
291000	4.33392e-31
292000	3.95068e-30
293000	7.3867e-27
294000	-7.93694e-29
295000	1.15748e-32
296000	-5.78956e-30
297000	2.57194e-29
298000	-3.203e-30
299000	-1.20871e-29
300000	0.000780251
301000	-4.01675e-28
302000	-1.10211e-29
303000	-3.94188e-31
304000	6.3701e-26
305000	3.37542e-29
306000	1.25794e-29
307000	-2.80802e-31
308000	2.62124e-27
309000	6.01979e-29
310000	-6.36244e-30
311000	-1.34174e-30
312000	2.88339e-27
313000	1.78975e-30
314000	-1.91866e-30
315000	0.000780226
316000	-3.75979e-28
317000	-1.40596e-29
318000	-3.31286e-31
319000	7.09617e-26
320000	-7.32315e-29
321000	-1.23889e-29
322000	-4.35165e-31
323000	-8.43299e-29
324000	3.77587e-29
325000	-1.43829e-30
326000	3.81587e-31
327000	-1.07757e-27
328000	4.1695e-29
329000	-1.29434e-29
330000	0.000780221
331000	-1.54144e-29
332000	3.99008e-29
333000	7.36931e-30
334000	-1.82493e-27
335000	-1.73647e-28
336000	2.56986e-29
337000	8.04465e-30
338000	4.39202e-27
339000	-3.64962e-29
340000	-3.80277e-29
341000	-9.86473e-32
342000	5.12171e-28
343000	-4.83346e-29
344000	2.02055e-31
345000	0.000780118
346000	2.42625e-29
347000	-2.12871e-32
348000	-7.8344e-31
349000	-3.32939e-26
350000	-5.69141e-30
351000	4.35938e-32
352000	1.21123e-30
353000	2.00822e-29
354000	-1.34335e-30
355000	-1.37942e-30
356000	2.02445e-31
357000	-2.31428e-28
358000	3.85804e-29
359000	4.51052e-30
360000	0.00078021
361000	-6.75472e-28
362000	-3.72787e-29
363000	5.48057e-31
364000	2.42277e-28
365000	-3.56885e-30
366000	-5.38179e-31
367000	-5.75052e-32
368000	-7.63188e-29
369000	-8.33397e-30
370000	-2.99187e-30
371000	-6.2148e-27
372000	-3.15324e-28
373000	-9.40406e-31
374000	4.62309e-31
375000	0.000780167
376000	-1.48327e-29
377000	6.35797e-30
378000	2.24741e-31
379000	1.2854e-26
380000	-6.97468e-29
381000	-1.84451e-30
382000	-9.65114e-26
383000	-7.00832e-28
384000	1.06867e-29
385000	8.18584e-31
386000	2.01557e-26
387000	-4.49914e-29
388000	2.70741e-30
389000	-7.55374e-31
390000	0.000780175
391000	7.57011e-29
392000	1.08227e-29
393000	-2.85106e-31
394000	-8.32501e-27
395000	2.18486e-29
396000	6.55936e-30
397000	7.79528e-26
398000	-1.90173e-27
399000	-9.36457e-32
400000	6.31061e-31
401000	1.03006e-25
402000	-2.66756e-28
403000	7.53853e-30
404000	-8.22528e-31
405000	0.000780239
406000	-1.78615e-29
407000	8.39517e-30
408000	-1.72589e-25
409000	-2.99548e-28
410000	1.03213e-29
411000	2.7886e-30
412000	-1.39877e-25
413000	-2.67591e-28
414000	-1.08981e-29
415000	-6.86698e-31
416000	2.594e-26
417000	4.97376e-29
418000	9.74686e-32
419000	-1.26086e-25
420000	0.00078018
421000	1.13383e-28
422000	3.57644e-31
423000	-2.34491e-25
424000	-2.93116e-27
425000	2.39193e-30
426000	-8.40823e-31
427000	9.41362e-27
428000	9.65894e-28
429000	2.96623e-30
430000	-6.59746e-26
431000	-5.44655e-26
432000	1.73652e-28
433000	1.37209e-30
434000	2.98416e-25
435000	0.000780229
436000	2.72478e-32
437000	3.78985e-31
438000	-1.85111e-26
439000	1.77106e-27
440000	-1.96758e-30
441000	9.73872e-31
442000	3.69119e-26
443000	6.09112e-28
444000	4.33006e-30
445000	1.3336e-25
446000	-5.44089e-26
447000	-8.08348e-30
448000	2.20025e-30
449000	-8.08562e-26
450000	0.0007802
451000	-5.37378e-30
452000	3.84482e-31
453000	-1.14748e-25
454000	-3.81577e-27
455000	-8.81667e-31
456000	4.60052e-25
457000	-4.33385e-26
458000	-3.6274e-28
459000	5.13404e-30
460000	-9.7564e-26
461000	1.41854e-25
462000	9.91763e-29
463000	9.88785e-31
464000	4.08502e-26
465000	0.000780219
466000	-1.898e-30
467000	-7.8108e-31
468000	-2.55762e-27
469000	-1.05418e-28
470000	-1.47251e-31
471000	-7.51902e-26
472000	-3.75903e-26
473000	6.32267e-29
474000	1.149e-30
475000	1.47735e-25
476000	-5.1839e-26
477000	4.51591e-29
478000	-5.27981e-31
479000	-1.27266e-25
480000	0.000780209
481000	1.72886e-29
482000	-3.83656e-31
483000	2.19726e-25
484000	-2.61673e-27
485000	2.79585e-30
486000	1.17898e-25
487000	-2.48595e-25
488000	-1.63922e-29
489000	7.96316e-31
490000	1.14419e-25
491000	-1.72387e-25
492000	5.34292e-29
493000	-6.45003e-31
494000	2.70885e-26
495000	0.000780226
496000	-1.929e-29
497000	1.55133e-25
498000	7.47768e-26
499000	-5.63483e-27
500000	3.92092e-31
501000	7.78147e-26
502000	-8.93794e-26
503000	-2.44389e-29
504000	-1.88829e-30
505000	2.91137e-26
506000	1.74178e-25
507000	-5.08742e-30
508000	-1.25033e-32
509000	8.89748e-26
510000	0.000780204
511000	3.53336e-30
512000	-6.19142e-26
513000	-1.05014e-25
514000	-9.67367e-28
515000	3.91048e-31
516000	-8.40877e-26
517000	-3.672e-26
518000	5.97997e-28
519000	-1.00954e-31
520000	-1.37839e-25
521000	2.2414e-26
522000	-1.72199e-30
523000	-5.82435e-31
524000	-1.67873e-25
525000	0.000780232
526000	2.32513e-30
527000	5.49477e-33
528000	1.37123e-25
529000	-8.17818e-29
530000	-2.03568e-31
531000	-6.61606e-26
532000	-5.29889e-26
533000	-1.47743e-28
534000	-5.69742e-31
535000	4.28168e-26
536000	2.07252e-27
537000	6.28916e-30
538000	-7.11663e-31
539000	-2.89423e-25
540000	0.00078024
541000	-9.24629e-30
542000	4.03303e-31
543000	6.97208e-26
544000	3.45103e-28
545000	7.44344e-31
546000	1.49991e-25
547000	2.75183e-26
548000	-1.22583e-29
549000	-1.47347e-32
550000	-9.71188e-26
551000	-3.26831e-27
552000	-1.4737e-30
553000	-4.36501e-31
554000	1.7579e-26
555000	0.000780204
556000	7.84252e-30
557000	-8.08454e-31
558000	1.9398e-26
559000	6.40329e-28
560000	1.81788e-31
561000	3.42704e-25
562000	8.77381e-26
563000	1.04497e-28
564000	7.40616e-31
565000	2.58981e-26
566000	-9.7538e-26
567000	2.72478e-29
568000	2.2083e-32
569000	3.28898e-25
570000	0.000780235
571000	-2.70843e-30
572000	-3.41497e-31
573000	8.63354e-26
574000	-8.20863e-28
575000	9.61177e-34
576000	3.06306e-25
577000	-4.83443e-26
578000	4.78675e-29
579000	5.51188e-31
580000	2.4647e-25
581000	4.85993e-26
582000	-1.55235e-31
583000	1.99001e-31
584000	-1.96828e-25
585000	0.000780225
586000	5.98752e-30
587000	-3.70274e-31
588000	-9.21243e-27
589000	2.35683e-27
590000	1.46434e-30
591000	6.14017e-32
592000	-8.16706e-26
593000	-6.26986e-29
594000	9.95838e-31
595000	3.97157e-25
596000	-9.72393e-26
597000	-7.162e-31
598000	-7.71867e-31
599000	-1.32055e-25
600000	0.000780223
601000	-4.97968e-30
602000	-2.3365e-32
603000	-5.52452e-26
604000	-9.64585e-28
605000	-1.18265e-30
606000	3.60088e-31
607000	-1.98803e-25
608000	3.80116e-29
609000	-2.4816e-31
610000	2.20004e-25
611000	4.55395e-27
612000	-3.55504e-30
613000	6.96669e-31
614000	1.16325e-25
615000	0.000780213
616000	1.69732e-30
617000	5.78938e-32
618000	-3.42284e-25
619000	-4.94717e-29
620000	5.95611e-32
621000	-4.18647e-32
622000	2.06795e-26
623000	-5.42804e-29
624000	2.19185e-30
625000	-1.04591e-25
626000	-3.19837e-26
627000	1.74825e-30
628000	-7.50704e-31
629000	-2.41833e-25
630000	0.000780286
631000	-2.37086e-30
632000	9.97313e-31
633000	-1.40549e-25
634000	-9.15006e-28
635000	-3.06408e-31
636000	4.7892e-25
637000	1.10254e-25
638000	2.35029e-29
639000	1.88251e-31
640000	8.39823e-26
641000	-2.86394e-26
642000	9.02948e-30
643000	-9.67545e-31
644000	-8.28433e-26
645000	0.000780174
646000	-8.84502e-32
647000	-1.71695e-30
648000	5.11827e-27
649000	3.54001e-31
650000	-8.83515e-31
651000	6.59933e-26
652000	1.75602e-26
653000	7.14209e-30
654000	1.78178e-31
655000	1.37164e-25
656000	-9.66497e-26
657000	3.62698e-30
658000	6.75572e-31
659000	5.34851e-27
660000	0.000780197
661000	-8.93869e-31
662000	6.62847e-31
663000	-2.24646e-25
664000	2.44789e-29
665000	2.73805e-31
666000	5.77212e-26
667000	1.62627e-25
668000	4.34396e-30
669000	-4.96587e-31
670000	-2.5925e-25
671000	-5.58274e-27
672000	1.63079e-30
673000	-6.71999e-31
674000	7.85916e-26
675000	0.000780258
676000	-1.66108e-30
677000	-4.7467e-26
678000	6.26859e-26
679000	3.78944e-29
680000	-3.752e-31
681000	-1.42612e-25
682000	9.31956e-26
683000	-7.88129e-30
684000	-5.12414e-31
685000	-1.5847e-25
686000	-7.44014e-26
687000	8.80205e-30
688000	5.22283e-32
689000	-2.81504e-25
690000	0.000780221
691000	-6.14339e-31
692000	2.73467e-25
693000	1.37535e-25
694000	1.16619e-28
695000	1.23283e-30
696000	-4.61751e-25
697000	-3.36764e-26
698000	2.44654e-29
699000	-2.02785e-30
700000	-1.49918e-25
701000	1.20193e-26
702000	-1.91356e-30
703000	7.26828e-31
704000	-1.73681e-25
705000	0.000780239
706000	7.01869e-31
707000	6.8195e-26
708000	-6.65619e-26
709000	5.47754e-29
710000	-6.9612e-31
711000	-5.29042e-25
712000	-5.64313e-26
713000	-1.74083e-29
714000	1.07791e-30
715000	2.76653e-26
716000	2.27619e-26
717000	1.78965e-31
718000	1.00941e-31
719000	2.19656e-25
720000	0.000780239
721000	-9.5539e-31
722000	3.30903e-25
723000	-2.32925e-25
724000	-4.18426e-29
725000	-4.47571e-31
726000	9.23645e-26
727000	7.55516e-26
728000	3.80623e-29
729000	-1.75481e-31
730000	-5.90246e-26
731000	-5.18124e-26
732000	2.05381e-31
733000	-9.6019e-31
734000	-2.51402e-25
735000	0.000780229
736000	1.13788e-30
737000	2.7211e-25
738000	-4.34051e-25
739000	3.12168e-28
740000	2.23462e-32
741000	-1.67834e-25
742000	-6.94485e-26
743000	-1.38346e-30
744000	9.23506e-31
745000	7.14555e-26
746000	-4.9962e-26
747000	-1.58275e-29
748000	1.02092e-30
749000	1.84053e-25
750000	0.000780234
751000	1.41505e-31
752000	-3.83958e-33
753000	-1.37184e-25
754000	-2.98543e-27
755000	-5.76561e-31
756000	-8.7279e-26
757000	-1.76838e-26
758000	-8.05374e-30
759000	4.76228e-31
760000	1.20577e-25
761000	3.88718e-26
762000	-9.75616e-30
763000	-4.33311e-32
764000	6.6183e-26
765000	0.000780223
766000	3.04501e-30
767000	7.3194e-32
768000	-5.77337e-26
769000	-3.86891e-27
770000	4.72183e-30
771000	5.81337e-32
772000	-7.14854e-26
773000	-9.87576e-30
774000	-5.30685e-31
775000	5.93638e-31
776000	-1.37689e-25
777000	7.41036e-30
778000	-2.40599e-31
779000	1.40603e-31
780000	0.000780207
781000	9.92104e-30
782000	-6.36381e-31
783000	1.39661e-25
784000	5.72861e-27
785000	1.35687e-30
786000	3.31219e-31
787000	-2.99698e-26
788000	1.11015e-28
789000	3.38265e-30
790000	1.96763e-31
791000	3.96914e-26
792000	2.09706e-29
793000	-2.26775e-30
794000	9.81913e-32
795000	0.000780197
796000	-2.11044e-29
797000	3.11752e-30
798000	-1.61159e-32
799000	-2.45357e-27
800000	1.85316e-31
801000	-2.56037e-30
802000	-9.72427e-32
803000	5.4225e-28
804000	8.94488e-31
805000	-1.73699e-30
806000	-4.40494e-32
807000	7.42421e-30
808000	1.08171e-30
809000	1.1753e-30
810000	0.000780223
811000	1.04548e-29
812000	4.16787e-31
813000	-1.17204e-30
814000	-4.00454e-27
815000	-5.156e-30
816000	1.14047e-30
817000	-4.52196e-31
818000	-2.11672e-30
819000	3.87342e-31
820000	1.49293e-32
821000	-2.64171e-34
822000	1.79925e-30
823000	-6.1512e-31
824000	1.12162e-31
825000	0.000780217
825132	0.000780296
