x	t=0	t=1000	t=2000	t=3000	t=4000	t=5000	t=6000	t=7000	t=8000	t=9000	t=10000	t=11000	t=12000	t=13000	t=14000	t=15000	t=16000	t=17000	t=18000	t=19000	t=20000	t=21000	t=22000	t=23000	t=24000	t=25000	t=26000	t=27000	t=28000	t=29000	t=30000	t=31000	t=32000	t=33000	t=34000	t=34135
0	1000	974.952	974.937	974.923	974.91	974.898	974.887	974.878	974.872	974.869	974.87	974.873	974.876	974.878	974.877	974.873	974.867	974.859	974.852	974.847	974.847	974.856	974.87	974.881	974.886	974.885	974.881	974.874	974.867	974.861	974.861	974.869	974.892	974.979	974.734	974.727
0.000344828	1000	974.952	974.937	974.923	974.91	974.898	974.887	974.878	974.872	974.869	974.87	974.873	974.876	974.878	974.877	974.873	974.867	974.859	974.852	974.847	974.847	974.856	974.87	974.881	974.886	974.885	974.881	974.874	974.867	974.861	974.861	974.869	974.892	974.979	974.734	974.727
0.000689655	1000	974.952	974.937	974.923	974.91	974.898	974.887	974.878	974.872	974.869	974.87	974.873	974.876	974.878	974.877	974.873	974.867	974.859	974.852	974.847	974.847	974.856	974.87	974.881	974.886	974.885	974.881	974.874	974.867	974.861	974.861	974.869	974.892	974.979	974.734	974.727
0.00103448	1000	974.952	974.937	974.923	974.91	974.898	974.887	974.878	974.872	974.869	974.87	974.873	974.876	974.878	974.877	974.873	974.867	974.859	974.852	974.847	974.847	974.856	974.87	974.881	974.886	974.885	974.881	974.874	974.867	974.861	974.861	974.869	974.892	974.979	974.734	974.727
0.00137931	1000	974.952	974.937	974.923	974.91	974.898	974.887	974.878	974.872	974.869	974.87	974.873	974.876	974.878	974.877	974.873	974.867	974.859	974.852	974.847	974.847	974.856	974.87	974.881	974.886	974.885	974.881	974.874	974.867	974.861	974.861	974.869	974.892	974.979	974.734	974.727
0.00172414	1000	974.952	974.937	974.923	974.91	974.898	974.887	974.878	974.872	974.869	974.87	974.873	974.876	974.878	974.877	974.873	974.867	974.859	974.852	974.847	974.847	974.856	974.87	974.881	974.886	974.885	974.881	974.874	974.867	974.861	974.861	974.869	974.892	974.979	974.734	974.727
0.00206897	1000	974.952	974.937	974.923	974.91	974.898	974.887	974.878	974.872	974.869	974.87	974.873	974.876	974.878	974.877	974.873	974.867	974.859	974.852	974.847	974.847	974.856	974.87	974.881	974.886	974.885	974.881	974.874	974.867	974.861	974.861	974.869	974.892	974.979	974.734	974.727
0.00241379	1000	974.952	974.937	974.923	974.91	974.898	974.887	974.878	974.872	974.869	974.87	974.873	974.876	974.878	974.877	974.873	974.867	974.859	974.852	974.847	974.847	974.856	974.87	974.881	974.886	974.885	974.881	974.874	974.867	974.861	974.861	974.869	974.892	974.979	974.734	974.727
0.00275862	1000	974.952	974.937	974.923	974.91	974.898	974.887	974.878	974.872	974.869	974.87	974.873	974.876	974.878	974.877	974.873	974.867	974.859	974.852	974.847	974.847	974.856	974.87	974.881	974.886	974.885	974.881	974.874	974.867	974.861	974.861	974.869	974.892	974.979	974.734	974.727
0.00310345	1000	974.952	974.937	974.923	974.91	974.898	974.887	974.878	974.872	974.869	974.87	974.873	974.876	974.878	974.877	974.873	974.867	974.859	974.852	974.847	974.847	974.856	974.87	974.881	974.886	974.885	974.881	974.874	974.867	974.861	974.861	974.869	974.892	974.979	974.734	974.727
0.00344828	1000	974.952	974.937	974.923	974.91	974.898	974.887	974.878	974.872	974.869	974.87	974.873	974.876	974.878	974.877	974.873	974.867	974.859	974.852	974.847	974.847	974.856	974.87	974.881	974.886	974.885	974.881	974.874	974.867	974.861	974.861	974.869	974.892	974.979	974.734	974.727
0.0037931	1000	974.952	974.937	974.923	974.91	974.898	974.887	974.878	974.872	974.869	974.87	974.873	974.876	974.878	974.877	974.873	974.867	974.859	974.852	974.847	974.847	974.856	974.87	974.881	974.886	974.885	974.881	974.874	974.867	974.861	974.861	974.869	974.892	974.979	974.734	974.727
0.00413793	1000	974.952	974.937	974.923	974.91	974.898	974.887	974.878	974.872	974.869	974.87	974.873	974.876	974.878	974.877	974.873	974.867	974.859	974.852	974.847	974.847	974.856	974.87	974.881	974.886	974.885	974.881	974.874	974.867	974.861	974.861	974.869	974.892	974.979	974.734	974.727
0.00448276	1000	974.952	974.937	974.923	974.91	974.898	974.887	974.878	974.872	974.869	974.87	974.873	974.876	974.878	974.877	974.873	974.867	974.859	974.852	974.847	974.847	974.856	974.87	974.881	974.886	974.885	974.881	974.874	974.867	974.861	974.861	974.869	974.892	974.979	974.734	974.727
0.00482759	1000	974.952	974.937	974.923	974.91	974.898	974.887	974.878	974.872	974.869	974.87	974.873	974.876	974.878	974.877	974.873	974.867	974.859	974.852	974.847	974.847	974.856	974.87	974.881	974.886	974.885	974.881	974.874	974.867	974.861	974.861	974.869	974.892	974.979	974.734	974.727
0.00517241	1000	974.952	974.937	974.923	974.91	974.898	974.887	974.878	974.872	974.869	974.87	974.873	974.876	974.878	974.877	974.873	974.867	974.859	974.852	974.847	974.847	974.856	974.87	974.881	974.886	974.885	974.881	974.874	974.867	974.861	974.861	974.869	974.892	974.979	974.734	974.727
0.00551724	1000	974.952	974.937	974.923	974.91	974.898	974.887	974.878	974.872	974.869	974.87	974.873	974.876	974.878	974.877	974.873	974.867	974.859	974.852	974.847	974.847	974.856	974.87	974.881	974.886	974.885	974.881	974.874	974.867	974.861	974.861	974.869	974.892	974.979	974.734	974.727
0.00586207	1000	974.952	974.937	974.923	974.91	974.898	974.887	974.878	974.872	974.869	974.87	974.873	974.876	974.878	974.877	974.873	974.867	974.859	974.852	974.847	974.847	974.856	974.87	974.881	974.886	974.885	974.881	974.874	974.867	974.861	974.861	974.869	974.892	974.979	974.734	974.727
0.0062069	1000	974.952	974.937	974.923	974.91	974.898	974.887	974.878	974.872	974.869	974.87	974.873	974.876	974.878	974.877	974.873	974.867	974.859	974.852	974.847	974.847	974.856	974.87	974.881	974.886	974.885	974.881	974.874	974.867	974.861	974.861	974.869	974.892	974.979	974.734	974.727
0.00655172	1000	974.952	974.937	974.923	974.91	974.898	974.887	974.878	974.872	974.869	974.87	974.873	974.876	974.878	974.877	974.873	974.867	974.859	974.852	974.847	974.847	974.856	974.87	974.881	974.886	974.885	974.881	974.874	974.867	974.861	974.861	974.869	974.892	974.979	974.734	974.727
0.00689655	1000	974.952	974.937	974.923	974.91	974.898	974.887	974.878	974.872	974.869	974.87	974.873	974.876	974.878	974.877	974.873	974.867	974.859	974.852	974.847	974.847	974.856	974.87	974.881	974.886	974.885	974.881	974.874	974.867	974.861	974.861	974.869	974.892	974.979	974.734	974.727
0.00724138	1000	974.952	974.937	974.923	974.91	974.898	974.887	974.878	974.872	974.869	974.87	974.873	974.876	974.878	974.877	974.873	974.867	974.859	974.852	974.847	974.847	974.856	974.87	974.881	974.886	974.885	974.881	974.874	974.867	974.861	974.861	974.869	974.892	974.979	974.734	974.727
0.00758621	1000	974.952	974.937	974.923	974.91	974.898	974.887	974.878	974.872	974.869	974.87	974.873	974.876	974.878	974.877	974.873	974.867	974.859	974.852	974.847	974.847	974.856	974.87	974.881	974.886	974.885	974.881	974.874	974.867	974.861	974.861	974.869	974.892	974.979	974.734	974.727
0.00793103	1000	974.952	974.937	974.923	974.91	974.898	974.887	974.878	974.872	974.869	974.87	974.873	974.876	974.878	974.877	974.873	974.867	974.859	974.852	974.847	974.847	974.856	974.87	974.881	974.886	974.885	974.881	974.874	974.867	974.861	974.861	974.869	974.892	974.979	974.734	974.727
0.00827586	1000	974.952	974.937	974.923	974.91	974.898	974.887	974.878	974.872	974.869	974.87	974.873	974.876	974.878	974.877	974.873	974.867	974.859	974.852	974.847	974.847	974.856	974.87	974.881	974.886	974.885	974.881	974.874	974.867	974.861	974.861	974.869	974.892	974.979	974.734	974.727
0.00862069	1000	974.952	974.937	974.923	974.91	974.898	974.887	974.878	974.872	974.869	974.87	974.873	974.876	974.878	974.877	974.873	974.867	974.859	974.852	974.847	974.847	974.856	974.87	974.881	974.886	974.885	974.881	974.874	974.867	974.861	974.861	974.869	974.892	974.979	974.734	974.727
0.00896552	1000	974.952	974.937	974.923	974.91	974.898	974.887	974.878	974.872	974.869	974.87	974.873	974.876	974.878	974.877	974.873	974.867	974.859	974.852	974.847	974.847	974.856	974.87	974.881	974.886	974.885	974.881	974.874	974.867	974.861	974.861	974.869	974.892	974.979	974.734	974.727
0.00931034	1000	974.952	974.937	974.923	974.91	974.898	974.887	974.878	974.872	974.869	974.87	974.873	974.876	974.878	974.877	974.873	974.867	974.859	974.852	974.847	974.847	974.856	974.87	974.881	974.886	974.885	974.881	974.874	974.867	974.861	974.861	974.869	974.892	974.979	974.734	974.727
0.00965517	1000	974.952	974.937	974.923	974.91	974.898	974.887	974.878	974.872	974.869	974.87	974.873	974.876	974.878	974.877	974.873	974.867	974.859	974.852	974.847	974.847	974.856	974.87	974.881	974.886	974.885	974.881	974.874	974.867	974.861	974.861	974.869	974.892	974.979	974.734	974.727
0.01	1000	974.952	974.937	974.923	974.91	974.898	974.887	974.878	974.872	974.869	974.87	974.873	974.876	974.878	974.877	974.873	974.867	974.859	974.852	974.847	974.847	974.856	974.87	974.881	974.886	974.885	974.881	974.874	974.867	974.861	974.861	974.869	974.892	974.979	974.734	974.727
0.641579	1000	975.296	975.281	975.267	975.254	975.242	975.232	975.223	975.217	975.214	975.214	975.217	975.221	975.222	975.221	975.218	975.212	975.204	975.196	975.191	975.191	975.2	975.214	975.226	975.231	975.23	975.225	975.218	975.211	975.206	975.206	975.214	975.236	975.324	975.078	975.071
1.27316	1000	975.641	975.626	975.612	975.599	975.587	975.576	975.568	975.561	975.558	975.559	975.562	975.565	975.567	975.566	975.562	975.556	975.548	975.541	975.536	975.536	975.545	975.559	975.57	975.576	975.575	975.57	975.563	975.556	975.55	975.55	975.558	975.581	975.668	975.423	975.416
1.90474	1000	975.986	975.971	975.957	975.944	975.932	975.921	975.912	975.906	975.903	975.903	975.906	975.91	975.912	975.911	975.907	975.901	975.893	975.886	975.881	975.881	975.89	975.904	975.915	975.92	975.919	975.914	975.908	975.9	975.895	975.895	975.903	975.926	976.013	975.768	975.761
2.53632	1000	976.331	976.316	976.302	976.289	976.277	976.266	976.257	976.251	976.248	976.248	976.251	976.255	976.257	976.256	976.252	976.246	976.238	976.231	976.226	976.226	976.235	976.249	976.26	976.265	976.264	976.259	976.253	976.245	976.24	976.24	976.248	976.271	976.358	976.113	976.105
3.16789	1000	976.676	976.661	976.647	976.634	976.622	976.611	976.602	976.596	976.593	976.593	976.596	976.6	976.602	976.601	976.597	976.591	976.583	976.576	976.571	976.571	976.58	976.594	976.605	976.61	976.609	976.604	976.598	976.59	976.585	976.585	976.593	976.616	976.703	976.458	976.45
3.79947	1000	977.021	977.006	976.992	976.979	976.967	976.956	976.948	976.941	976.938	976.939	976.942	976.945	976.947	976.946	976.942	976.936	976.928	976.921	976.916	976.916	976.925	976.939	976.95	976.956	976.955	976.95	976.943	976.936	976.93	976.93	976.938	976.961	977.048	976.803	976.796
4.43105	1000	977.366	977.351	977.337	977.324	977.312	977.302	977.293	977.287	977.284	977.284	977.287	977.291	977.292	977.291	977.288	977.281	977.274	977.266	977.261	977.261	977.27	977.284	977.296	977.301	977.3	977.295	977.288	977.281	977.276	977.276	977.284	977.306	977.394	977.148	977.141
5.06263	1000	977.712	977.697	977.683	977.67	977.658	977.647	977.638	977.632	977.629	977.63	977.633	977.636	977.638	977.637	977.633	977.627	977.619	977.612	977.607	977.607	977.616	977.63	977.641	977.646	977.645	977.641	977.634	977.626	977.621	977.621	977.629	977.652	977.739	977.493	977.486
5.69421	1000	978.058	978.043	978.029	978.016	978.004	977.993	977.984	977.978	977.975	977.975	977.978	977.982	977.984	977.983	977.979	977.973	977.965	977.958	977.952	977.952	977.961	977.976	977.987	977.992	977.991	977.986	977.979	977.972	977.967	977.967	977.975	977.998	978.085	977.839	977.832
6.32579	1000	978.403	978.389	978.375	978.361	978.349	978.339	978.33	978.324	978.321	978.321	978.324	978.328	978.329	978.328	978.325	978.318	978.311	978.303	978.298	978.298	978.307	978.321	978.333	978.338	978.337	978.332	978.325	978.318	978.313	978.313	978.321	978.343	978.431	978.185	978.178
6.95737	1000	978.749	978.735	978.72	978.707	978.695	978.685	978.676	978.67	978.667	978.667	978.67	978.674	978.675	978.674	978.671	978.664	978.657	978.649	978.644	978.644	978.653	978.667	978.679	978.684	978.683	978.678	978.671	978.664	978.659	978.659	978.666	978.689	978.777	978.531	978.524
7.58895	1000	979.096	979.081	979.067	979.053	979.041	979.031	979.022	979.016	979.013	979.013	979.016	979.02	979.022	979.02	979.017	979.011	979.003	978.995	978.99	978.99	978.999	979.013	979.025	979.03	979.029	979.024	979.017	979.01	979.005	979.005	979.013	979.036	979.123	978.877	978.87
8.22053	1000	979.442	979.427	979.413	979.4	979.388	979.377	979.368	979.362	979.359	979.359	979.362	979.366	979.368	979.367	979.363	979.357	979.349	979.342	979.336	979.336	979.345	979.36	979.371	979.376	979.375	979.37	979.363	979.356	979.351	979.351	979.359	979.382	979.47	979.223	979.216
8.85211	1000	979.788	979.773	979.759	979.746	979.734	979.723	979.715	979.708	979.705	979.706	979.709	979.712	979.714	979.713	979.709	979.703	979.695	979.688	979.683	979.683	979.692	979.706	979.718	979.723	979.722	979.717	979.71	979.703	979.697	979.697	979.705	979.728	979.816	979.569	979.562
9.48368	1000	980.135	980.12	980.106	980.093	980.081	980.07	980.061	980.055	980.052	980.052	980.055	980.059	980.061	980.06	980.056	980.05	980.042	980.035	980.029	980.029	980.038	980.053	980.064	980.069	980.068	980.063	980.056	980.049	980.044	980.044	980.052	980.075	980.163	979.916	979.909
10.1153	1000	980.482	980.467	980.453	980.439	980.427	980.417	980.408	980.402	980.399	980.399	980.402	980.406	980.407	980.406	980.403	980.396	980.389	980.381	980.376	980.376	980.385	980.399	980.411	980.416	980.415	980.41	980.403	980.396	980.391	980.391	980.398	980.422	980.509	980.262	980.255
10.7468	1000	980.829	980.814	980.799	980.786	980.774	980.764	980.755	980.748	980.745	980.746	980.749	980.752	980.754	980.753	980.749	980.743	980.736	980.728	980.723	980.723	980.732	980.746	980.758	980.763	980.762	980.757	980.75	980.743	980.738	980.737	980.745	980.768	980.856	980.609	980.602
11.3784	1000	981.176	981.161	981.146	981.133	981.121	981.111	981.102	981.095	981.092	981.093	981.096	981.099	981.101	981.1	981.096	981.09	981.083	981.075	981.07	981.07	981.079	981.093	981.105	981.11	981.109	981.104	981.097	981.09	981.085	981.084	981.092	981.115	981.203	980.956	980.949
12.01	1000	981.523	981.508	981.494	981.48	981.468	981.458	981.449	981.443	981.44	981.44	981.443	981.447	981.448	981.447	981.444	981.437	981.43	981.422	981.417	981.417	981.426	981.44	981.452	981.457	981.456	981.451	981.444	981.437	981.432	981.432	981.439	981.463	981.55	981.303	981.296
14.6169	1000	983.866	983.851	983.837	983.824	983.812	983.801	983.793	983.787	983.783	983.784	983.787	983.79	983.792	983.791	983.788	983.781	983.774	983.766	983.761	983.761	983.77	983.784	983.796	983.801	983.8	983.795	983.788	983.781	983.776	983.776	983.783	983.806	983.893	983.648	983.641
17.2238	1000	986.131	986.117	986.104	986.091	986.079	986.069	986.061	986.055	986.052	986.052	986.055	986.059	986.06	986.059	986.056	986.05	986.042	986.035	986.03	986.03	986.039	986.053	986.064	986.068	986.068	986.063	986.056	986.049	986.044	986.044	986.052	986.074	986.158	985.921	985.914
19.8307	1000	988.319	988.305	988.293	988.281	988.27	988.26	988.252	988.247	988.244	988.244	988.247	988.25	988.252	988.251	988.248	988.242	988.235	988.228	988.223	988.223	988.232	988.245	988.255	988.26	988.259	988.254	988.248	988.241	988.237	988.237	988.244	988.265	988.344	988.12	988.114
22.4376	1000	990.428	990.416	990.404	990.393	990.383	990.374	990.367	990.362	990.359	990.359	990.362	990.365	990.366	990.365	990.362	990.357	990.351	990.345	990.34	990.34	990.348	990.36	990.369	990.373	990.373	990.369	990.363	990.357	990.352	990.352	990.359	990.378	990.451	990.245	990.239
25.0445	1000	992.459	992.447	992.437	992.427	992.418	992.41	992.404	992.399	992.397	992.397	992.399	992.402	992.403	992.402	992.4	992.395	992.389	992.384	992.38	992.38	992.386	992.397	992.406	992.409	992.409	992.405	992.4	992.395	992.391	992.391	992.396	992.414	992.479	992.295	992.289
27.6514	1000	994.41	994.4	994.391	994.382	994.375	994.368	994.362	994.358	994.356	994.356	994.358	994.36	994.362	994.361	994.359	994.354	994.35	994.345	994.341	994.341	994.347	994.356	994.364	994.367	994.367	994.363	994.359	994.354	994.351	994.351	994.356	994.371	994.427	994.267	994.262
30.2583	1000	996.281	996.273	996.266	996.259	996.252	996.246	996.242	996.238	996.236	996.237	996.238	996.24	996.241	996.241	996.239	996.235	996.231	996.227	996.224	996.224	996.229	996.237	996.243	996.246	996.245	996.243	996.239	996.235	996.232	996.232	996.236	996.249	996.295	996.163	996.158
32.8652	1000	998.073	998.067	998.061	998.055	998.05	998.045	998.042	998.039	998.038	998.038	998.039	998.041	998.041	998.041	998.039	998.037	998.033	998.03	998.028	998.028	998.032	998.038	998.043	998.045	998.045	998.043	998.04	998.037	998.034	998.034	998.038	998.047	998.084	997.98	997.976
35.4721	1000	999.784	999.78	999.775	999.771	999.768	999.765	999.762	999.76	999.759	999.759	999.76	999.761	999.762	999.761	999.76	999.758	999.756	999.754	999.752	999.752	999.755	999.759	999.763	999.764	999.764	999.762	999.76	999.758	999.757	999.756	999.759	999.766	999.792	999.717	999.714
38.079	1000	1001.41	1001.41	1001.41	1001.41	1001.41	1001.4	1001.4	1001.4	1001.4	1001.4	1001.4	1001.4	1001.4	1001.4	1001.4	1001.4	1001.4	1001.4	1001.4	1001.4	1001.4	1001.4	1001.4	1001.4	1001.4	1001.4	1001.4	1001.4	1001.4	1001.4	1001.4	1001.4	1001.42	1001.37	1001.37
40.6859	1000	1002.96	1002.96	1002.96	1002.96	1002.96	1002.96	1002.96	1002.96	1002.96	1002.96	1002.96	1002.96	1002.96	1002.96	1002.96	1002.96	1002.96	1002.96	1002.96	1002.96	1002.96	1002.96	1002.96	1002.96	1002.96	1002.96	1002.96	1002.96	1002.96	1002.96	1002.96	1002.96	1002.96	1002.95	1002.95
43.2928	1000	1004.43	1004.43	1004.43	1004.44	1004.44	1004.44	1004.44	1004.44	1004.44	1004.44	1004.44	1004.44	1004.44	1004.44	1004.44	1004.44	1004.44	1004.44	1004.44	1004.44	1004.44	1004.44	1004.44	1004.44	1004.44	1004.44	1004.44	1004.44	1004.44	1004.44	1004.44	1004.44	1004.43	1004.45	1004.45
45.8997	1000	1005.82	1005.82	1005.82	1005.83	1005.83	1005.83	1005.83	1005.83	1005.83	1005.83	1005.83	1005.83	1005.83	1005.83	1005.83	1005.83	1005.84	1005.84	1005.84	1005.84	1005.84	1005.83	1005.83	1005.83	1005.83	1005.83	1005.83	1005.83	1005.84	1005.84	1005.83	1005.83	1005.81	1005.86	1005.86
48.5066	1000	1007.12	1007.13	1007.13	1007.14	1007.14	1007.14	1007.15	1007.15	1007.15	1007.15	1007.15	1007.15	1007.15	1007.15	1007.15	1007.15	1007.15	1007.15	1007.16	1007.16	1007.15	1007.15	1007.14	1007.14	1007.14	1007.14	1007.15	1007.15	1007.15	1007.15	1007.15	1007.14	1007.11	1007.19	1007.19
51.1134	1000	1008.35	1008.35	1008.36	1008.36	1008.37	1008.37	1008.38	1008.38	1008.38	1008.38	1008.38	1008.38	1008.38	1008.38	1008.38	1008.38	1008.38	1008.39	1008.39	1008.39	1008.39	1008.38	1008.37	1008.37	1008.37	1008.37	1008.38	1008.38	1008.38	1008.38	1008.38	1008.37	1008.33	1008.44	1008.44
53.7203	1000	1009.48	1009.49	1009.5	1009.51	1009.51	1009.52	1009.52	1009.53	1009.53	1009.53	1009.53	1009.52	1009.52	1009.52	1009.53	1009.53	1009.53	1009.54	1009.54	1009.54	1009.53	1009.53	1009.52	1009.52	1009.52	1009.52	1009.53	1009.53	1009.53	1009.53	1009.53	1009.52	1009.47	1009.6	1009.6
56.3272	1000	1010.54	1010.55	1010.56	1010.57	1010.57	1010.58	1010.59	1010.59	1010.59	1010.59	1010.59	1010.59	1010.59	1010.59	1010.59	1010.59	1010.6	1010.6	1010.61	1010.61	1010.6	1010.59	1010.58	1010.58	1010.58	1010.59	1010.59	1010.59	1010.6	1010.6	1010.59	1010.58	1010.52	1010.68	1010.68
58.9341	1000	1011.51	1011.52	1011.53	1011.54	1011.55	1011.56	1011.57	1011.57	1011.57	1011.57	1011.57	1011.57	1011.57	1011.57	1011.57	1011.57	1011.58	1011.59	1011.59	1011.59	1011.58	1011.57	1011.56	1011.56	1011.56	1011.56	1011.57	1011.57	1011.58	1011.58	1011.57	1011.56	1011.49	1011.67	1011.68
61.541	1000	1012.4	1012.42	1012.43	1012.44	1012.45	1012.45	1012.46	1012.47	1012.47	1012.47	1012.47	1012.46	1012.46	1012.46	1012.47	1012.47	1012.48	1012.48	1012.49	1012.49	1012.48	1012.47	1012.46	1012.46	1012.46	1012.46	1012.47	1012.47	1012.48	1012.48	1012.47	1012.45	1012.38	1012.58	1012.58
64.1479	1000	1013.21	1013.22	1013.23	1013.25	1013.26	1013.27	1013.27	1013.28	1013.28	1013.28	1013.28	1013.28	1013.27	1013.27	1013.28	1013.28	1013.29	1013.3	1013.3	1013.3	1013.29	1013.28	1013.27	1013.27	1013.27	1013.27	1013.28	1013.28	1013.29	1013.29	1013.28	1013.26	1013.19	1013.4	1013.41
66.7548	1000	1013.93	1013.94	1013.96	1013.97	1013.98	1013.99	1014	1014.01	1014.01	1014.01	1014.01	1014	1014	1014	1014	1014.01	1014.02	1014.02	1014.03	1014.03	1014.02	1014.01	1014	1013.99	1013.99	1014	1014	1014.01	1014.02	1014.02	1014.01	1013.99	1013.91	1014.14	1014.14
69.3617	1000	1014.57	1014.58	1014.6	1014.61	1014.62	1014.63	1014.64	1014.65	1014.65	1014.65	1014.65	1014.64	1014.64	1014.64	1014.65	1014.65	1014.66	1014.67	1014.67	1014.67	1014.66	1014.65	1014.64	1014.63	1014.63	1014.64	1014.65	1014.65	1014.66	1014.66	1014.65	1014.63	1014.54	1014.78	1014.79
71.9686	1000	1015.12	1015.14	1015.15	1015.17	1015.18	1015.19	1015.2	1015.2	1015.21	1015.21	1015.2	1015.2	1015.2	1015.2	1015.2	1015.21	1015.22	1015.23	1015.23	1015.23	1015.22	1015.21	1015.19	1015.19	1015.19	1015.2	1015.2	1015.21	1015.22	1015.22	1015.21	1015.18	1015.09	1015.35	1015.36
74.5755	1000	1015.59	1015.61	1015.62	1015.64	1015.65	1015.66	1015.67	1015.68	1015.68	1015.68	1015.68	1015.67	1015.67	1015.67	1015.67	1015.68	1015.69	1015.7	1015.7	1015.7	1015.69	1015.68	1015.67	1015.66	1015.66	1015.67	1015.67	1015.68	1015.69	1015.69	1015.68	1015.65	1015.56	1015.82	1015.83
77.1824	1000	1015.97	1015.99	1016.01	1016.02	1016.03	1016.04	1016.05	1016.06	1016.06	1016.06	1016.06	1016.06	1016.05	1016.06	1016.06	1016.07	1016.08	1016.08	1016.09	1016.09	1016.08	1016.06	1016.05	1016.05	1016.05	1016.05	1016.06	1016.07	1016.07	1016.07	1016.06	1016.04	1015.94	1016.21	1016.22
79.7893	1000	1016.27	1016.29	1016.3	1016.32	1016.33	1016.34	1016.35	1016.36	1016.36	1016.36	1016.36	1016.36	1016.36	1016.36	1016.36	1016.37	1016.38	1016.38	1016.39	1016.39	1016.38	1016.36	1016.35	1016.35	1016.35	1016.35	1016.36	1016.37	1016.37	1016.37	1016.37	1016.34	1016.24	1016.52	1016.53
82.3962	1000	1016.49	1016.5	1016.52	1016.53	1016.55	1016.56	1016.57	1016.58	1016.58	1016.58	1016.58	1016.57	1016.57	1016.57	1016.57	1016.58	1016.59	1016.6	1016.61	1016.6	1016.59	1016.58	1016.57	1016.56	1016.56	1016.57	1016.57	1016.58	1016.59	1016.59	1016.58	1016.55	1016.46	1016.73	1016.74
85.0031	1000	1016.61	1016.63	1016.65	1016.66	1016.68	1016.69	1016.7	1016.7	1016.71	1016.71	1016.7	1016.7	1016.7	1016.7	1016.7	1016.71	1016.72	1016.73	1016.73	1016.73	1016.72	1016.71	1016.69	1016.69	1016.69	1016.7	1016.7	1016.71	1016.72	1016.72	1016.71	1016.68	1016.58	1016.86	1016.87
87.61	1000	1016.66	1016.67	1016.69	1016.7	1016.72	1016.73	1016.74	1016.75	1016.75	1016.75	1016.75	1016.74	1016.74	1016.74	1016.75	1016.75	1016.76	1016.77	1016.78	1016.78	1016.77	1016.75	1016.74	1016.73	1016.73	1016.74	1016.75	1016.75	1016.76	1016.76	1016.75	1016.73	1016.63	1016.91	1016.91
