r(x_rel=0.25)	t=0	t=1000	t=2000	t=3000	t=4000	t=5000	t=6000	t=7000	t=8000	t=9000	t=10000	t=11000	t=12000	t=13000	t=14000	t=15000	t=16000	t=17000	t=18000	t=19000	t=20000	t=21000	t=22000	t=23000	t=24000	t=25000	t=26000	t=27000	t=28000	t=29000	t=30000	t=31000	t=32000	t=33000	t=34000	t=34135
0	47023.3	47023.3	47023.3	47023.3	47023.3	47023.2	47022.3	47017.9	47004.2	46968.5	46880.8	46645	42618.1	39398.5	38276.5	37406.2	36580.1	35675.1	34534.8	33007.3	31406.1	30144.2	29135.1	28251	27427.3	26625.9	25814.4	24960.5	24040.4	23063.1	22084.3	21164.9	20333.9	19599.8	18965.8	18887.8
0.18	47023.3	47023.3	47023.3	47023.3	47023.3	47023.1	47021.8	47016.4	46999.9	46957.6	46851.5	46531.2	42132.6	39363.3	38252.3	37383	36554.5	35643.7	34495.7	32971.5	31386.4	30132.6	29126.3	28243.1	27419.4	26617.6	25805.4	24950.8	24030.5	23054	22076.6	21158.3	20327.7	19593.7	18959.4	18881.4
0.36	47023.3	47023.3	47023.3	47023.3	47023.3	47023	47021.3	47014.6	46995.2	46945.6	46818.5	46383.1	41803.4	39328.6	38228.1	37359.8	36528.7	35612.1	34456.8	32936.2	31366.8	30121	29117.6	28235.2	27411.5	26609.3	25796.4	24941.1	24020.6	23044.9	22068.8	21151.7	20321.6	19587.5	18953	18874.9
0.54	47023.3	47023.3	47023.3	47023.3	47023.3	47022.9	47020.5	47011.9	46987.7	46926.5	46763.2	46065.2	41482	39280.6	38194.2	37327.2	36492.4	35567.8	34402.5	32887.6	31339.7	30105	29105.3	28224.1	27400.5	26597.6	25783.8	24927.5	24006.8	23032.2	22058.1	21142.5	20313	19578.9	18944	18865.8
0.72	47023.3	47023.3	47023.3	47023.3	47023.3	47022.6	47019.2	47007.5	46976	46896.3	46668.5	45340.2	41175.6	39218.1	38149.2	37283.8	36443.9	35508.5	34330.8	32824.8	31304.4	30083.8	29089.1	28209.5	27385.8	26582.2	25767	24909.5	23988.5	23015.4	22043.8	21130.2	20301.6	19567.5	18931.9	18853.6
0.9	47023.3	47023.3	47023.3	47023.3	47023.2	47022.1	47017	47000.7	46958.1	46848.6	46499.7	44150.4	40888.1	39141.4	38092.8	37228.7	36382.3	35433.4	34241.5	32748.1	31261	30057.5	29068.8	28191	27367.4	26562.7	25745.9	24886.9	23965.6	22994.4	22026	21114.8	20287.2	19553	18916.7	18838.3
1.08	47023.3	47023.3	47023.3	47023.3	47023.1	47021.2	47013.4	46990.3	46930.8	46772.2	46171.9	43079.4	40618.7	39050.9	38024.7	37161.7	36307	35342	34134.8	32658.8	31209.8	30026	29044.4	28168.8	27345	26539	25720.3	24859.5	23937.9	22969.2	22004.5	21096.2	20269.9	19535.5	18898.2	18819.6
1.26	47023.3	47023.3	47023.3	47023.3	47022.9	47019.7	47007.8	46974.3	46888.6	46644.8	45494.4	42312.3	40364.5	38947.6	37944.6	37082.2	36217.3	35233.6	34011.8	32558.3	31151.5	29989.5	29015.9	28142.6	27318.8	26511.2	25690.2	24827.4	23905.7	22939.7	21979.4	21074.5	20249.5	19514.7	18876.2	18797.5
1.44	47023.3	47023.3	47023.3	47023.3	47022.4	47017.1	46998.8	46949.6	46822.1	46417.2	44377.6	41736.8	40122.6	38832	37852.5	36989.8	36112.5	35108.2	33873.4	32448.3	31086.6	29948.1	28983.2	28112.6	27288.5	26479.2	25655.6	24790.5	23868.7	22906.1	21950.8	21049.6	20225.9	19490.8	18850.8	18771.8
1.62	47023.3	47023.3	47023.3	47023.2	47021.5	47012.7	46984.7	46911.3	46713.6	45974.9	43294.7	41275.1	39890.1	38704.9	37748	36883.7	35992.1	34965.5	33721.5	32330.4	31015.8	29902	28946.5	28078.6	27254.2	26442.8	25616.3	24748.8	23827.2	22868.5	21918.7	21021.5	20199.3	19463.5	18821.6	18742.3
1.8	47023.3	47023.3	47023.3	47023	47019.8	47005.3	46962.3	46850.7	46526.4	45127.6	42490.5	40884.5	39664.4	38566.7	37631	36763.5	35855.3	34805.9	33558	32206.2	30939.6	29851.5	28905.8	28040.7	27215.8	26402	25572.3	24702.3	23781.2	22826.9	21883.1	20990.2	20169.5	19432.7	18788.6	18708.9
1.98	47023.3	47023.3	47023.3	47022.7	47016.7	46993.1	46926.9	46752	46178.4	43992.1	41881.2	40540.9	39443.4	38417.8	37500.9	36628.3	35701.5	34630.2	33385.1	32077.3	30858.9	29796.6	28861	27998.8	27173.2	26356.7	25523.6	24651.1	23730.7	22781.4	21844.1	20955.7	20136.4	19398.4	18751.5	18671.5
2.16	47023.3	47023.3	47023.3	47021.9	47011.1	46973	46870.1	46584.1	45504.4	43030.6	41390.3	40229.4	39224.8	38258.2	37357.2	36477.5	35530.4	34439.6	33205.2	31944.9	30774	29737.7	28812.4	27952.9	27126.4	26307	25470.1	24595.2	23676	22732.2	21801.8	20918.1	20100	19360.5	18710.2	18629.6
2.34	47023.3	47023.3	47023.2	47020.2	47001.2	46940.2	46776.8	46278.8	44446.6	42309	40974.4	39940.1	39007	38087.7	37199.4	36310.1	35341.8	34236	33020.7	31810.2	30685.6	29674.8	28759.8	27903	27075.3	26252.6	25411.9	24534.5	23617	22679.4	21756.3	20877.3	20060.3	19318.6	18664.3	18583.2
2.52	47023.3	47023.3	47023.1	47016.7	46984	46886.3	46618.1	45693.3	43405.9	41743.9	40608	39666.1	38788.1	37906	37026.6	36125.4	35136.2	34021.7	32833.8	31674.2	30594.1	29608.3	28703.4	27849	27019.8	26193.5	25348.7	24469.2	23554	22623.1	21707.6	20833.4	20017.1	19272.7	18613.5	18531.7
2.7	47023.3	47023.3	47022.6	47009.8	46954.4	46796.5	46331.7	44713.1	42606.6	41276.2	40275.4	39402.2	38566.4	37712.6	36838	35923	34914.6	33799.6	32646.4	31537.7	30500	29538.1	28643.1	27791	26959.8	26129.6	25280.7	24399.4	23487.1	22563.4	21655.8	20786.3	19970.4	19222.5	18557.5	18474.8
2.88	47023.3	47023.3	47021.4	46996.6	46904	46641.8	45786.2	43646.1	41988.6	40871.5	39966.1	39144.5	38340.3	37506.5	36632.7	35702.5	34678.9	33572.8	32460.2	31401.4	30403.5	29464.6	28579	27728.7	26895.4	26060.9	25207.8	24325.1	23416.5	22500.6	21600.9	20736	19920	19167.8	18495.7	18411.9
3.06	47023.3	47023.3	47018.3	46972.1	46817.3	46361.5	44850.3	42799.7	41484.5	40509.1	39672.8	38889.5	38108	37286.8	36409.9	35464.4	34431.5	33344.3	32276.4	31265.7	30305.1	29387.8	28511	27662.2	26826.2	25987.2	25130	24246.5	23342.3	22434.7	21543.1	20682.5	19865.7	19108.1	18427.5	18342.5
3.24	47023.3	47023.3	47011.1	46927.4	46664.8	45826.9	43777.4	42147.7	41053.2	40175.6	39389.8	38634.4	37867.6	37052.4	36169	35209.7	34175.8	33116.9	32095.9	31130.9	30204.8	29307.8	28439.3	27591.4	26752.3	25908.5	25047.4	24163.7	23264.7	22365.9	21482.4	20625.7	19807.4	19043.1	18352.1	18265.7
3.42	47023.3	47023.2	46995.2	46846.5	46383.8	44901.5	42907	41619.9	40670.3	39862	39112.8	38376.3	37617.4	36802.2	35910	34940.5	33915.5	32892.7	31919.5	30997.3	30103.1	29224.8	28363.7	27516.1	26673.5	25824.7	24960	24076.9	23183.9	22294.3	21418.8	20565.6	19744.9	18972.3	18268.7	18180.4
3.6	47023.3	47022.4	46961.9	46698.3	45841.5	43823.6	42236.3	41171.3	40320.2	39561.6	38837.9	38112.7	37355.4	36535.2	35633.3	34660.1	33654.4	32673.6	31747.3	30865	29999.8	29138.7	28284.2	27436.4	26589.7	25735.7	24867.8	23986.3	23100.2	22220	21352.3	20502.1	19677.8	18895	18175.9	18085.5
3.78	47023.3	47019.2	46894.6	46416	44897.3	42943.6	41695.3	40775	39992.7	39269	38561.8	37841.2	37079.8	36250.7	35340.6	34372.3	33396	32460.8	31579.7	30734	29895.3	29049.7	28200.8	27351.9	26500.7	25641.6	24771	23892	23013.6	22143.2	21283.1	20435	19605.9	18810.4	18072.3	17979.2
3.96	47023.3	47007.9	46760.4	45855.1	43805.8	42265.5	41236.8	40414.1	39680	38979.9	38281.4	37559.1	36788.9	35948.8	35034.9	34081.8	33143.2	32255	31416.7	30604.3	29789.5	28957.7	28113.4	27262.8	26406.5	25542.2	24669.6	23794.3	22924.5	22064	21211	20364.3	19528.7	18717.6	17955.7	17859.1
4.14	47023.3	46974.7	46487.2	44864.8	42922.6	41719.1	40832.6	40077.1	39376.4	38690.6	37993.7	37264.1	36481.3	35630.9	34720.3	33793	32898.1	32056.6	31258	30476	29682.4	28862.7	28021.8	27168.6	26306.8	25437.5	24563.9	23693.5	22833	21982.5	21136.2	20289.8	19445.7	18615.2	17823.2	17722.2
4.32	47023.3	46887	45909.5	43742.2	42244	41256.2	40465	39756.1	39077	38397.4	37695.8	36953.9	36156.7	35299.4	34401.9	33510	32662.2	31865.6	31103.5	30348.8	29574.1	28764.7	27926.1	27069.4	26201.6	25327.6	24454.1	23589.8	22739.3	21898.7	21058.5	20211.2	19356.3	18501.6	17670.9	17564
4.5	47023.3	46668.4	44841.1	42854.3	41696.9	40848.1	40122.1	39444.8	38777.8	38097	37384.7	36626.9	35815.8	34958.8	34085	33236	32436.1	31681.9	30953	30222.7	29464.4	28663.6	27825.9	26964.9	26090.8	25212.6	24340.5	23483.5	22643.6	21812.8	20977.9	20128.2	19259.6	18374.3	17492.5	17377.7
4.68	47023.3	46121.2	43650	42176.5	41232.9	40476.8	39795.6	39138.1	38474.8	37786	37057.8	36282	35461.1	34614.3	33774.7	32973.1	32220.1	31505.1	30806.2	30097.4	29353.4	28559.3	27721.3	26854.9	25974.2	25092.6	24223.2	23374.8	22546	21724.7	20894.3	20040.7	19154.7	18230	17279	17152.8
4.86	47023.3	44923.5	42742.7	41630.1	40823.2	40130.3	39479	38831.6	38164.3	37461.2	36712.9	35920	35096.9	34272.2	33475	32722.4	32014	31334.8	30662.7	29973	29240.9	28451.7	27611.9	26739.2	25851.9	24967.7	24102.6	23264	22446.7	21634.6	20807.6	19948	19040.1	18064.2	17014.7	16871.5
5.04	47023.3	43542.6	42060	41166.1	40450	39800.2	39167.1	38521.1	37842.7	37119.3	36348.9	35543.3	34729.4	33938.2	33188.6	32484.4	31817.3	31170.4	30522.3	29849.1	29126.8	28340.7	27497.5	26617.7	25723.6	24838.2	23979.1	23151.5	22345.9	21542.4	20717.7	19849.7	18914.2	17869.5	16671.7	16500.3
5.22	47023.3	42567.7	41511.7	40755.6	40101.3	39480	38855.2	38202.8	37506.2	36758	35966.2	35157.1	34365.5	33617	32917.2	32259	31629.6	31011.6	30384.5	29725.5	29011	28226	27378	26490	25589.6	24704.4	23853	23037.5	22243.7	21448.1	20624.3	19745.2	18774.4	17634.2	16192.1	15968.9
