t(s)	Current(A)
0	-0
0.1	0.000738
0.3	0.000738
0.7	0.000738
1.5	0.000738
3.1	0.000738
6.3	0.000738
12.7	0.000738
25.5	0.000738
38.3	0.000738
51.1	0.000738
63.9	0.000738
76.7	0.000738
89.5	0.000738
102.3	0.000738
115.1	0.000738
127.9	0.000738
140.7	0.000738
147.1	0.000738
153.5	0.000738
159.9	0.000738
166.3	0.000738
172.7	0.000738
179.1	0.000738
185.5	0.000738
191.9	0.000738
198.3	0.000738
204.7	0.000738
211.1	0.000738
217.5	0.000738
223.9	0.000738
230.3	0.000738
236.7	0.000738
243.1	0.000738
249.5	0.000738
255.9	0.000738
262.3	0.000738
268.7	0.000738
275.1	0.000738
281.5	0.000738
287.9	0.000738
294.3	0.000738
300.7	0.000738
307.1	0.000738
313.5	0.000738
319.9	0.000738
326.3	0.000738
332.7	0.000738
339.1	0.000738
345.5	0.000738
348.7	0.000738
351.9	0.000738
355.1	0.000738
358.3	0.000738
361.5	0.000738
364.7	0.000738
367.9	0.000738
371.1	0.000738
374.3	0.000738
377.5	0.000738
380.7	0.000738
383.9	0.000738
387.1	0.000738
390.3	0.000738
396.7	0.000738
403.1	0.000738
409.5	0.000738
412.7	0.000738
415.9	0.000738
419.1	0.000738
422.3	0.000738
425.5	0.000738
428.7	0.000738
431.9	0.000738
435.1	0.000738
438.3	0.000738
441.5	0.000738
444.7	0.000738
447.9	0.000738
454.3	0.000738
460.7	0.000738
467.1	0.000738
473.5	0.000738
479.9	0.000738
486.3	0.000738
492.7	0.000738
499.1	0.000738
505.5	0.000738
508.7	0.000738
511.9	0.000738
515.1	0.000738
518.3	0.000738
521.5	0.000738
524.7	0.000738
527.9	0.000738
531.1	0.000738
534.3	0.000738
540.7	0.000738
547.1	0.000738
553.5	0.000738
559.9	0.000738
566.3	0.000738
572.7	0.000738
579.1	0.000738
582.3	0.000738
585.5	0.000738
588.7	0.000738
595.1	0.000738
601.5	0.000738
607.9	0.000738
614.3	0.000738
620.7	0.000738
627.1	0.000738
633.5	0.000738
639.9	0.000738
646.3	0.000738
652.7	0.000738
659.1	0.000738
665.5	0.000738
671.9	0.000738
678.3	0.000738
684.7	0.000738
691.1	0.000738
697.5	0.000738
703.9	0.000738
710.3	0.000738
716.7	0.000738
723.1	0.000738
729.5	0.000738
735.9	0.000738
742.3	0.000738
748.7	0.000738
755.1	0.000738
761.5	0.000738
767.9	0.000738
774.3	0.000738
780.7	0.000738
787.1	0.000738
793.5	0.000738
799.9	0.000738
806.3	0.000738
812.7	0.000738
819.1	0.000738
825.5	0.000738
831.9	0.000738
838.3	0.000738
844.7	0.000738
851.1	0.000738
857.5	0.000738
863.9	0.000738
867.1	0.000738
870.3	0.000738
873.5	0.000738
879.9	0.000738
886.3	0.000738
889.5	0.000738
892.7	0.000738
895.9	0.000738
902.3	0.000738
908.7	0.000738
911.9	0.000738
915.1	0.000738
918.3	0.000738
921.5	0.000738
924.7	0.000738
931.1	0.000738
934.3	0.000738
937.5	0.000738
940.7	0.000738
943.9	0.000738
947.1	0.000738
953.5	0.000738
959.9	0.000738
966.3	0.000738
972.7	0.000738
979.1	0.000738
985.5	0.000738
991.9	0.000738
998.3	0.000738
1000	0.000738
1006.4	0.000738
1012.8	0.000738
1019.2	0.000738
1025.6	0.000738
1028.8	0.000738
1032	0.000738
1035.2	0.000738
1038.4	0.000738
1044.8	0.000738
1051.2	0.000738
1057.6	0.000738
1064	0.000738
1070.4	0.000738
1076.8	0.000738
1083.2	0.000738
1089.6	0.000738
1096	0.000738
1099.2	0.000738
1102.4	0.000738
1108.8	0.000738
1115.2	0.000738
1121.6	0.000738
1128	0.000738
1134.4	0.000738
1140.8	0.000738
1147.2	0.000738
1153.6	0.000738
1160	0.000738
1166.4	0.000738
1169.6	0.000738
1172.8	0.000738
1176	0.000738
1182.4	0.000738
1188.8	0.000738
1195.2	0.000738
1201.6	0.000738
1208	0.000738
1214.4	0.000738
1220.8	0.000738
1227.2	0.000738
1233.6	0.000738
1240	0.000738
1243.2	0.000738
1246.4	0.000738
1249.6	0.000738
1252.8	0.000738
1259.2	0.000738
1265.6	0.000738
1272	0.000738
1278.4	0.000738
1284.8	0.000738
1291.2	0.000738
1297.6	0.000738
1304	0.000738
1310.4	0.000738
1313.6	0.000738
1316.8	0.000738
1320	0.000738
1323.2	0.000738
1326.4	0.000738
1332.8	0.000738
1339.2	0.000738
1345.6	0.000738
1352	0.000738
1358.4	0.000738
1364.8	0.000738
1371.2	0.000738
1377.6	0.000738
1384	0.000738
1390.4	0.000738
1396.8	0.000738
1403.2	0.000738
1409.6	0.000738
1416	0.000738
1422.4	0.000738
1428.8	0.000738
1435.2	0.000738
1441.6	0.000738
1448	0.000738
1454.4	0.000738
1460.8	0.000738
1467.2	0.000738
1473.6	0.000738
1480	0.000738
1483.2	0.000738
1486.4	0.000738
1492.8	0.000738
1499.2	0.000738
1505.6	0.000738
1508.8	0.000738
1512	0.000738
1515.2	0.000738
1518.4	0.000738
1524.8	0.000738
1531.2	0.000738
1534.4	0.000738
1537.6	0.000738
1540.8	0.000738
1547.2	0.000738
1553.6	0.000738
1560	0.000738
1566.4	0.000738
1572.8	0.000738
1579.2	0.000738
1585.6	0.000738
1592	0.000738
1598.4	0.000738
1604.8	0.000738
1608	0.000738
1611.2	0.000738
1617.6	0.000738
1624	0.000738
1630.4	0.000738
1636.8	0.000738
1643.2	0.000738
1649.6	0.000738
1656	0.000738
1662.4	0.000738
1668.8	0.000738
1672	0.000738
1675.2	0.000738
1681.6	0.000738
1688	0.000738
1694.4	0.000738
1700.8	0.000738
1707.2	0.000738
1713.6	0.000738
1720	0.000738
1726.4	0.000738
1732.8	0.000738
1739.2	0.000738
1745.6	0.000738
1752	0.000738
1758.4	0.000738
1764.8	0.000738
1771.2	0.000738
1777.6	0.000738
1784	0.000738
1790.4	0.000738
1796.8	0.000738
1803.2	0.000738
1809.6	0.000738
1816	0.000738
1822.4	0.000738
1828.8	0.000738
1835.2	0.000738
1841.6	0.000738
1848	0.000738
1854.4	0.000738
1860.8	0.000738
1867.2	0.000738
1873.6	0.000738
1880	0.000738
1886.4	0.000738
1892.8	0.000738
1899.2	0.000738
1905.6	0.000738
1912	0.000738
1915.2	0.000738
1921.6	0.000738
1928	0.000738
1934.4	0.000738
1937.6	0.000738
1940.8	0.000738
1944	0.000738
1950.4	0.000738
1956.8	0.000738
1963.2	0.000738
1969.6	0.000738
1976	0.000738
1982.4	0.000738
1988.8	0.000738
1995.2	0.000738
2000	0.000738
2006.4	0.000738
2012.8	0.000738
2019.2	0.000738
2025.6	0.000738
2032	0.000738
2038.4	0.000738
2044.8	0.000738
2048	0.000738
2051.2	0.000738
2054.4	0.000738
2057.6	0.000738
2064	0.000738
2070.4	0.000738
2076.8	0.000738
2080	0.000738
2086.4	0.000738
2092.8	0.000738
2096	0.000738
2102.4	0.000738
2108.8	0.000738
2115.2	0.000738
2121.6	0.000738
2124.8	0.000738
2128	0.000738
2134.4	0.000738
2140.8	0.000738
2147.2	0.000738
2153.6	0.000738
2160	0.000738
2166.4	0.000738
2172.8	0.000738
2179.2	0.000738
2185.6	0.000738
2192	0.000738
2198.4	0.000738
2204.8	0.000738
2211.2	0.000738
2217.6	0.000738
2224	0.000738
2230.4	0.000738
2233.6	0.000738
2236.8	0.000738
2243.2	0.000738
2249.6	0.000738
2256	0.000738
2262.4	0.000738
2268.8	0.000738
2275.2	0.000738
2281.6	0.000738
2288	0.000738
2294.4	0.000738
2300.8	0.000738
2307.2	0.000738
2313.6	0.000738
2320	0.000738
2326.4	0.000738
2332.8	0.000738
2339.2	0.000738
2345.6	0.000738
2352	0.000738
2358.4	0.000738
2364.8	0.000738
2368	0.000738
2374.4	0.000738
2380.8	0.000738
2387.2	0.000738
2393.6	0.000738
2400	0.000738
2406.4	0.000738
2412.8	0.000738
2419.2	0.000738
2425.6	0.000738
2432	0.000738
2438.4	0.000738
2444.8	0.000738
2451.2	0.000738
2457.6	0.000738
2464	0.000738
2470.4	0.000738
2476.8	0.000738
2483.2	0.000738
2489.6	0.000738
2496	0.000738
2502.4	0.000738
2508.8	0.000738
2515.2	0.000738
2521.6	0.000738
2528	0.000738
2531.2	0.000738
2534.4	0.000738
2537.6	0.000738
2544	0.000738
2550.4	0.000738
2556.8	0.000738
2560	0.000738
2566.4	0.000738
2572.8	0.000738
2579.2	0.000738
2585.6	0.000738
2592	0.000738
2598.4	0.000738
2604.8	0.000738
2611.2	0.000738
2617.6	0.000738
2624	0.000738
2630.4	0.000738
2636.8	0.000738
2643.2	0.000738
2649.6	0.000738
2656	0.000738
2662.4	0.000738
2668.8	0.000738
2675.2	0.000738
2681.6	0.000738
2688	0.000738
2691.2	0.000738
2697.6	0.000738
2704	0.000738
2710.4	0.000738
2716.8	0.000738
2723.2	0.000738
2729.6	0.000738
2736	0.000738
2742.4	0.000738
2748.8	0.000738
2755.2	0.000738
2761.6	0.000738
2768	0.000738
2774.4	0.000738
2780.8	0.000738
2787.2	0.000738
2793.6	0.000738
2800	0.000738
2806.4	0.000738
2812.8	0.000738
2819.2	0.000738
2825.6	0.000738
2832	0.000738
2838.4	0.000738
2844.8	0.000738
2851.2	0.000738
2857.6	0.000738
2864	0.000738
2870.4	0.000738
2876.8	0.000738
2880	0.000738
2886.4	0.000738
2892.8	0.000738
2899.2	0.000738
2905.6	0.000738
2912	0.000738
2918.4	0.000738
2924.8	0.000738
2931.2	0.000738
2937.6	0.000738
2944	0.000738
2950.4	0.000738
2956.8	0.000738
2960	0.000738
2966.4	0.000738
2972.8	0.000738
2979.2	0.000738
2985.6	0.000738
2992	0.000738
2998.4	0.000738
3000	0.000738
3006.4	0.000738
3012.8	0.000738
3019.2	0.000738
3025.6	0.000738
3032	0.000738
3038.4	0.000738
3044.8	0.000738
3051.2	0.000738
3057.6	0.000738
3064	0.000738
3070.4	0.000738
3076.8	0.000738
3083.2	0.000738
3089.6	0.000738
3096	0.000738
3102.4	0.000738
3108.8	0.000738
3115.2	0.000738
3121.6	0.000738
3128	0.000738
3134.4	0.000738
3140.8	0.000738
3147.2	0.000738
3153.6	0.000738
3160	0.000738
3166.4	0.000738
3172.8	0.000738
3179.2	0.000738
3185.6	0.000738
3192	0.000738
3198.4	0.000738
3204.8	0.000738
3211.2	0.000738
3217.6	0.000738
3224	0.000738
3230.4	0.000738
3236.8	0.000738
3243.2	0.000738
3249.6	0.000738
3256	0.000738
3262.4	0.000738
3268.8	0.000738
3272	0.000738
3275.2	0.000738
3281.6	0.000738
3288	0.000738
3294.4	0.000738
3300.8	0.000738
3307.2	0.000738
3313.6	0.000738
3320	0.000738
3326.4	0.000738
3332.8	0.000738
3339.2	0.000738
3345.6	0.000738
3352	0.000738
3355.2	0.000738
3361.6	0.000738
3368	0.000738
3374.4	0.000738
3380.8	0.000738
3387.2	0.000738
3393.6	0.000738
3400	0.000738
3406.4	0.000738
3412.8	0.000738
3419.2	0.000738
3425.6	0.000738
3432	0.000738
3438.4	0.000738
3444.8	0.000738
3451.2	0.000738
3457.6	0.000738
3464	0.000738
3470.4	0.000738
3476.8	0.000738
3483.2	0.000738
3489.6	0.000738
3496	0.000738
3502.4	0.000738
3508.8	0.000738
3515.2	0.000738
3518.4	0.000738
3524.8	0.000738
3531.2	0.000738
3537.6	0.000738
3544	0.000738
3550.4	0.000738
3556.8	0.000738
3563.2	0.000738
3569.6	0.000738
3576	0.000738
3582.4	0.000738
3588.8	0.000738
3595.2	0.000738
3601.6	0.000738
3608	0.000738
3614.4	0.000738
3620.8	0.000738
3627.2	0.000738
3633.6	0.000738
3640	0.000738
3646.4	0.000738
3652.8	0.000738
3659.2	0.000738
3665.6	0.000738
3672	0.000738
3678.4	0.000738
3684.8	0.000738
3691.2	0.000738
3697.6	0.000738
3704	0.000738
3710.4	0.000738
3716.8	0.000738
3723.2	0.000738
3729.6	0.000738
3736	0.000738
3742.4	0.000738
3748.8	0.000738
3752	0.000738
3758.4	0.000738
3764.8	0.000738
3771.2	0.000738
3777.6	0.000738
3784	0.000738
3790.4	0.000738
3796.8	0.000738
3803.2	0.000738
3809.6	0.000738
3816	0.000738
3822.4	0.000738
3828.8	0.000738
3835.2	0.000738
3841.6	0.000738
3848	0.000738
3854.4	0.000738
3860.8	0.000738
3867.2	0.000738
3870.4	0.000738
3873.6	0.000738
3880	0.000738
3886.4	0.000738
3892.8	0.000738
3899.2	0.000738
3905.6	0.000738
3912	0.000738
3918.4	0.000738
3924.8	0.000738
3931.2	0.000738
3937.6	0.000738
3944	0.000738
3950.4	0.000738
3956.8	0.000738
3963.2	0.000738
3969.6	0.000738
3976	0.000738
3982.4	0.000738
3988.8	0.000738
3995.2	0.000738
4000	0.000738
4006.4	0.000738
4012.8	0.000738
4019.2	0.000738
4025.6	0.000738
4032	0.000738
4038.4	0.000738
4044.8	0.000738
4051.2	0.000738
4057.6	0.000738
4064	0.000738
4070.4	0.000738
4076.8	0.000738
4083.2	0.000738
4089.6	0.000738
4096	0.000738
4102.4	0.000738
4108.8	0.000738
4115.2	0.000738
4121.6	0.000738
4128	0.000738
4134.4	0.000738
4140.8	0.000738
4147.2	0.000738
4153.6	0.000738
4160	0.000738
4166.4	0.000738
4172.8	0.000738
4179.2	0.000738
4185.6	0.000738
4188.8	0.000738
4195.2	0.000738
4201.6	0.000738
4208	0.000738
4214.4	0.000738
4220.8	0.000738
4227.2	0.000738
4233.6	0.000738
4240	0.000738
4246.4	0.000738
4252.8	0.000738
4259.2	0.000738
4265.6	0.000738
4272	0.000738
4278.4	0.000738
4284.8	0.000738
4291.2	0.000738
4297.6	0.000738
4304	0.000738
4310.4	0.000738
4316.8	0.000738
4323.2	0.000738
4329.6	0.000738
4336	0.000738
4342.4	0.000738
4348.8	0.000738
4355.2	0.000738
4361.6	0.000738
4368	0.000738
4374.4	0.000738
4380.8	0.000738
4387.2	0.000738
4393.6	0.000738
4396.8	0.000738
4400	0.000738
4406.4	0.000738
4412.8	0.000738
4419.2	0.000738
4425.6	0.000738
4432	0.000738
4438.4	0.000738
4444.8	0.000738
4451.2	0.000738
4457.6	0.000738
4464	0.000738
4470.4	0.000738
4476.8	0.000738
4483.2	0.000738
4489.6	0.000738
4496	0.000738
4502.4	0.000738
4508.8	0.000738
4515.2	0.000738
4521.6	0.000738
4528	0.000738
4534.4	0.000738
4540.8	0.000738
4547.2	0.000738
4553.6	0.000738
4560	0.000738
4566.4	0.000738
4572.8	0.000738
4579.2	0.000738
4585.6	0.000738
4592	0.000738
4598.4	0.000738
4604.8	0.000738
4611.2	0.000738
4617.6	0.000738
4624	0.000738
4630.4	0.000738
4636.8	0.000738
4643.2	0.000738
4649.6	0.000738
4656	0.000738
4662.4	0.000738
4668.8	0.000738
4675.2	0.000738
4681.6	0.000738
4688	0.000738
4694.4	0.000738
4700.8	0.000738
4707.2	0.000738
4713.6	0.000738
4720	0.000738
4726.4	0.000738
4732.8	0.000738
4739.2	0.000738
4745.6	0.000738
4752	0.000738
4758.4	0.000738
4764.8	0.000738
4771.2	0.000738
4777.6	0.000738
4784	0.000738
4790.4	0.000738
4796.8	0.000738
4803.2	0.000738
4809.6	0.000738
4816	0.000738
4822.4	0.000738
4828.8	0.000738
4835.2	0.000738
4841.6	0.000738
4848	0.000738
4854.4	0.000738
4860.8	0.000738
4867.2	0.000738
4873.6	0.000738
4880	0.000738
4886.4	0.000738
4892.8	0.000738
4899.2	0.000738
4905.6	0.000738
4912	0.000738
4918.4	0.000738
4924.8	0.000738
4931.2	0.000738
4937.6	0.000738
4944	0.000738
4950.4	0.000738
4956.8	0.000738
4963.2	0.000738
4969.6	0.000738
4976	0.000738
4982.4	0.000738
4988.8	0.000738
4995.2	0.000738
5000	0.000738
5006.4	0.000738
5012.8	0.000738
5019.2	0.000738
5025.6	0.000738
5032	0.000738
5038.4	0.000738
5044.8	0.000738
5051.2	0.000738
5057.6	0.000738
5064	0.000738
5070.4	0.000738
5076.8	0.000738
5083.2	0.000738
5089.6	0.000738
5096	0.000738
5102.4	0.000738
5108.8	0.000738
5115.2	0.000738
5121.6	0.000738
5128	0.000738
5134.4	0.000738
5140.8	0.000738
5147.2	0.000738
5153.6	0.000738
5160	0.000738
5166.4	0.000738
5172.8	0.000738
5179.2	0.000738
5185.6	0.000738
5192	0.000738
5198.4	0.000738
5204.8	0.000738
5211.2	0.000738
5217.6	0.000738
5224	0.000738
5230.4	0.000738
5236.8	0.000738
5243.2	0.000738
5249.6	0.000738
5256	0.000738
5262.4	0.000738
5268.8	0.000738
5275.2	0.000738
5281.6	0.000738
5288	0.000738
5294.4	0.000738
5300.8	0.000738
5307.2	0.000738
5313.6	0.000738
5320	0.000738
5326.4	0.000738
5332.8	0.000738
5339.2	0.000738
5345.6	0.000738
5352	0.000738
5358.4	0.000738
5364.8	0.000738
5371.2	0.000738
5377.6	0.000738
5384	0.000738
5390.4	0.000738
5396.8	0.000738
5403.2	0.000738
5409.6	0.000738
5416	0.000738
5422.4	0.000738
5428.8	0.000738
5432	0.000738
5435.2	0.000738
5441.6	0.000738
5448	0.000738
5454.4	0.000738
5460.8	0.000738
5467.2	0.000738
5473.6	0.000738
5480	0.000738
5486.4	0.000738
5492.8	0.000738
5499.2	0.000738
5505.6	0.000738
5512	0.000738
5518.4	0.000738
5524.8	0.000738
5531.2	0.000738
5537.6	0.000738
5544	0.000738
5550.4	0.000738
5556.8	0.000738
5563.2	0.000738
5569.6	0.000738
5576	0.000738
5582.4	0.000738
5588.8	0.000738
5595.2	0.000738
5601.6	0.000738
5608	0.000738
5614.4	0.000738
5620.8	0.000738
5627.2	0.000738
5633.6	0.000738
5640	0.000738
5646.4	0.000738
5652.8	0.000738
5659.2	0.000738
5665.6	0.000738
5672	0.000738
5678.4	0.000738
5684.8	0.000738
5691.2	0.000738
5697.6	0.000738
5704	0.000738
5710.4	0.000738
5716.8	0.000738
5723.2	0.000738
5729.6	0.000738
5736	0.000738
5742.4	0.000738
5748.8	0.000738
5755.2	0.000738
5761.6	0.000738
5768	0.000738
5774.4	0.000738
5780.8	0.000738
5787.2	0.000738
5793.6	0.000738
5800	0.000738
5806.4	0.000738
5812.8	0.000738
5819.2	0.000738
5825.6	0.000738
5832	0.000738
5838.4	0.000738
5844.8	0.000738
5851.2	0.000738
5857.6	0.000738
5864	0.000738
5870.4	0.000738
5876.8	0.000738
5883.2	0.000738
5889.6	0.000738
5896	0.000738
5902.4	0.000738
5908.8	0.000738
5915.2	0.000738
5921.6	0.000738
5928	0.000738
5934.4	0.000738
5940.8	0.000738
5947.2	0.000738
5953.6	0.000738
5960	0.000738
5966.4	0.000738
5972.8	0.000738
5979.2	0.000738
5985.6	0.000738
5992	0.000738
5998.4	0.000738
6000	0.000738
6006.4	0.000738
6012.8	0.000738
6019.2	0.000738
6025.6	0.000738
6032	0.000738
6038.4	0.000738
6044.8	0.000738
6051.2	0.000738
6057.6	0.000738
6064	0.000738
6070.4	0.000738
6076.8	0.000738
6083.2	0.000738
6089.6	0.000738
6092.8	0.000738
6096	0.000738
6102.4	0.000738
6108.8	0.000738
6115.2	0.000738
6121.6	0.000738
6128	0.000738
6134.4	0.000738
6140.8	0.000738
6147.2	0.000738
6153.6	0.000738
6160	0.000738
6166.4	0.000738
6172.8	0.000738
6179.2	0.000738
6185.6	0.000738
6192	0.000738
6198.4	0.000738
6204.8	0.000738
6211.2	0.000738
6217.6	0.000738
6224	0.000738
6230.4	0.000738
6236.8	0.000738
6243.2	0.000738
6249.6	0.000738
6256	0.000738
6262.4	0.000738
6268.8	0.000738
6275.2	0.000738
6281.6	0.000738
6288	0.000738
6294.4	0.000738
6300.8	0.000738
6307.2	0.000738
6313.6	0.000738
6320	0.000738
6326.4	0.000738
6332.8	0.000738
6339.2	0.000738
6345.6	0.000738
6352	0.000738
6358.4	0.000738
6364.8	0.000738
6371.2	0.000738
6377.6	0.000738
6384	0.000738
6390.4	0.000738
6396.8	0.000738
6403.2	0.000738
6409.6	0.000738
6416	0.000738
6422.4	0.000738
6428.8	0.000738
6435.2	0.000738
6441.6	0.000738
6448	0.000738
6454.4	0.000738
6460.8	0.000738
6467.2	0.000738
6473.6	0.000738
6480	0.000738
6486.4	0.000738
6492.8	0.000738
6499.2	0.000738
6505.6	0.000738
6512	0.000738
6518.4	0.000738
6524.8	0.000738
6531.2	0.000738
6537.6	0.000738
6544	0.000738
6550.4	0.000738
6556.8	0.000738
6563.2	0.000738
6569.6	0.000738
6576	0.000738
6582.4	0.000738
6588.8	0.000738
6595.2	0.000738
6601.6	0.000738
6608	0.000738
6614.4	0.000738
6620.8	0.000738
6627.2	0.000738
6633.6	0.000738
6640	0.000738
6646.4	0.000738
6652.8	0.000738
6659.2	0.000738
6665.6	0.000738
6672	0.000738
6678.4	0.000738
6684.8	0.000738
6691.2	0.000738
6697.6	0.000738
6704	0.000738
6710.4	0.000738
6716.8	0.000738
6723.2	0.000738
6729.6	0.000738
6736	0.000738
6742.4	0.000738
6748.8	0.000738
6755.2	0.000738
6761.6	0.000738
6768	0.000738
6774.4	0.000738
6780.8	0.000738
6787.2	0.000738
6790.4	0.000738
6793.6	0.000738
6800	0.000738
6806.4	0.000738
6812.8	0.000738
6819.2	0.000738
6825.6	0.000738
6832	0.000738
6838.4	0.000738
6844.8	0.000738
6851.2	0.000738
6857.6	0.000738
6864	0.000738
6870.4	0.000738
6876.8	0.000738
6883.2	0.000738
6889.6	0.000738
6896	0.000738
6899.2	0.000738
6905.6	0.000738
6912	0.000738
6918.4	0.000738
6924.8	0.000738
6931.2	0.000738
6934.4	0.000738
6940.8	0.000738
6947.2	0.000738
6953.6	0.000738
6960	0.000738
6966.4	0.000738
6972.8	0.000738
6979.2	0.000738
6985.6	0.000738
6992	0.000738
6998.4	0.000738
7000	0.000738
7006.4	0.000738
7012.8	0.000738
7019.2	0.000738
7025.6	0.000738
7032	0.000738
7038.4	0.000738
7044.8	0.000738
7051.2	0.000738
7057.6	0.000738
7064	0.000738
7070.4	0.000738
7076.8	0.000738
7083.2	0.000738
7089.6	0.000738
7096	0.000738
7102.4	0.000738
7108.8	0.000738
7115.2	0.000738
7121.6	0.000738
7128	0.000738
7134.4	0.000738
7140.8	0.000738
7147.2	0.000738
7153.6	0.000738
7160	0.000738
7166.4	0.000738
7172.8	0.000738
7176	0.000738
7179.2	0.000738
7185.6	0.000738
7192	0.000738
7198.4	0.000738
7204.8	0.000738
7211.2	0.000738
7217.6	0.000738
7224	0.000738
7230.4	0.000738
7236.8	0.000738
7243.2	0.000738
7249.6	0.000738
7256	0.000738
7262.4	0.000738
7268.8	0.000738
7275.2	0.000738
7281.6	0.000738
7288	0.000738
7294.4	0.000738
7300.8	0.000738
7307.2	0.000738
7313.6	0.000738
7320	0.000738
7326.4	0.000738
7332.8	0.000738
7339.2	0.000738
7345.6	0.000738
7352	0.000738
7358.4	0.000738
7364.8	0.000738
7371.2	0.000738
7377.6	0.000738
7384	0.000738
7390.4	0.000738
7396.8	0.000738
7403.2	0.000738
7409.6	0.000738
7416	0.000738
7422.4	0.000738
7428.8	0.000738
7435.2	0.000738
7441.6	0.000738
7448	0.000738
7454.4	0.000738
7460.8	0.000738
7467.2	0.000738
7473.6	0.000738
7480	0.000738
7486.4	0.000738
7492.8	0.000738
7499.2	0.000738
7505.6	0.000738
7512	0.000738
7518.4	0.000738
7524.8	0.000738
7531.2	0.000738
7537.6	0.000738
7544	0.000738
7550.4	0.000738
7556.8	0.000738
7563.2	0.000738
7569.6	0.000738
7576	0.000738
7582.4	0.000738
7588.8	0.000738
7595.2	0.000738
7601.6	0.000738
7608	0.000738
7614.4	0.000738
7620.8	0.000738
7627.2	0.000738
7633.6	0.000738
7640	0.000738
7646.4	0.000738
7652.8	0.000738
7659.2	0.000738
7665.6	0.000738
7672	0.000738
7678.4	0.000738
7684.8	0.000738
7691.2	0.000738
7697.6	0.000738
7704	0.000738
7710.4	0.000738
7716.8	0.000738
7723.2	0.000738
7729.6	0.000738
7736	0.000738
7742.4	0.000738
7748.8	0.000738
7755.2	0.000738
7761.6	0.000738
7768	0.000738
7774.4	0.000738
7780.8	0.000738
7787.2	0.000738
7793.6	0.000738
7800	0.000738
7806.4	0.000738
7812.8	0.000738
7819.2	0.000738
7825.6	0.000738
7832	0.000738
7838.4	0.000738
7844.8	0.000738
7851.2	0.000738
7857.6	0.000738
7864	0.000738
7870.4	0.000738
7876.8	0.000738
7883.2	0.000738
7889.6	0.000738
7896	0.000738
7902.4	0.000738
7908.8	0.000738
7915.2	0.000738
7921.6	0.000738
7928	0.000738
7934.4	0.000738
7940.8	0.000738
7947.2	0.000738
7953.6	0.000738
7960	0.000738
7966.4	0.000738
7969.6	0.000738
7972.8	0.000738
7979.2	0.000738
7985.6	0.000738
7992	0.000738
7998.4	0.000738
8000	0.000738
8006.4	0.000738
8012.8	0.000738
8019.2	0.000738
8025.6	0.000738
8032	0.000738
8038.4	0.000738
8044.8	0.000738
8051.2	0.000738
8057.6	0.000738
8064	0.000738
8070.4	0.000738
8076.8	0.000738
8083.2	0.000738
8089.6	0.000738
8096	0.000738
8102.4	0.000738
8108.8	0.000738
8115.2	0.000738
8121.6	0.000738
8128	0.000738
8134.4	0.000738
8140.8	0.000738
8147.2	0.000738
8153.6	0.000738
8160	0.000738
8166.4	0.000738
8172.8	0.000738
8179.2	0.000738
8185.6	0.000738
8192	0.000738
8198.4	0.000738
8204.8	0.000738
8211.2	0.000738
8217.6	0.000738
8224	0.000738
8230.4	0.000738
8236.8	0.000738
8243.2	0.000738
8249.6	0.000738
8256	0.000738
8262.4	0.000738
8268.8	0.000738
8275.2	0.000738
8281.6	0.000738
8284.8	0.000738
8291.2	0.000738
8297.6	0.000738
8304	0.000738
8310.4	0.000738
8316.8	0.000738
8323.2	0.000738
8329.6	0.000738
8336	0.000738
8342.4	0.000738
8348.8	0.000738
8355.2	0.000738
8361.6	0.000738
8368	0.000738
8374.4	0.000738
8380.8	0.000738
8387.2	0.000738
8393.6	0.000738
8400	0.000738
8406.4	0.000738
8412.8	0.000738
8419.2	0.000738
8425.6	0.000738
8432	0.000738
8438.4	0.000738
8444.8	0.000738
8451.2	0.000738
8457.6	0.000738
8464	0.000738
8470.4	0.000738
8476.8	0.000738
8483.2	0.000738
8489.6	0.000738
8496	0.000738
8502.4	0.000738
8508.8	0.000738
8515.2	0.000738
8521.6	0.000738
8528	0.000738
8534.4	0.000738
8540.8	0.000738
8547.2	0.000738
8553.6	0.000738
8560	0.000738
8566.4	0.000738
8572.8	0.000738
8579.2	0.000738
8585.6	0.000738
8592	0.000738
8598.4	0.000738
8604.8	0.000738
8611.2	0.000738
8617.6	0.000738
8624	0.000738
8630.4	0.000738
8636.8	0.000738
8643.2	0.000738
8649.6	0.000738
8656	0.000738
8659.2	0.000738
8662.4	0.000738
8668.8	0.000738
8675.2	0.000738
8681.6	0.000738
8688	0.000738
8694.4	0.000738
8700.8	0.000738
8707.2	0.000738
8713.6	0.000738
8720	0.000738
8726.4	0.000738
8732.8	0.000738
8739.2	0.000738
8745.6	0.000738
8752	0.000738
8758.4	0.000738
8764.8	0.000738
8771.2	0.000738
8777.6	0.000738
8784	0.000738
8790.4	0.000738
8796.8	0.000738
8803.2	0.000738
8809.6	0.000738
8816	0.000738
8822.4	0.000738
8828.8	0.000738
8835.2	0.000738
8841.6	0.000738
8848	0.000738
8854.4	0.000738
8860.8	0.000738
8867.2	0.000738
8873.6	0.000738
8880	0.000738
8886.4	0.000738
8892.8	0.000738
8899.2	0.000738
8905.6	0.000738
8912	0.000738
8918.4	0.000738
8921.6	0.000738
8924.8	0.000738
8931.2	0.000738
8937.6	0.000738
8944	0.000738
8950.4	0.000738
8956.8	0.000738
8963.2	0.000738
8969.6	0.000738
8976	0.000738
8979.2	0.000738
8985.6	0.000738
8992	0.000738
8998.4	0.000738
9000	0.000738
9006.4	0.000738
9012.8	0.000738
9019.2	0.000738
9025.6	0.000738
9032	0.000738
9038.4	0.000738
9044.8	0.000738
9051.2	0.000738
9057.6	0.000738
9064	0.000738
9070.4	0.000738
9076.8	0.000738
9083.2	0.000738
9089.6	0.000738
9096	0.000738
9102.4	0.000738
9108.8	0.000738
9115.2	0.000738
9121.6	0.000738
9128	0.000738
9134.4	0.000738
9140.8	0.000738
9147.2	0.000738
9153.6	0.000738
9160	0.000738
9166.4	0.000738
9172.8	0.000738
9179.2	0.000738
9185.6	0.000738
9192	0.000738
9198.4	0.000738
9204.8	0.000738
9211.2	0.000738
9217.6	0.000738
9224	0.000738
9230.4	0.000738
9236.8	0.000738
9243.2	0.000738
9249.6	0.000738
9256	0.000738
9262.4	0.000738
9268.8	0.000738
9275.2	0.000738
9281.6	0.000738
9288	0.000738
9294.4	0.000738
9300.8	0.000738
9307.2	0.000738
9313.6	0.000738
9320	0.000738
9323.2	0.000738
9326.4	0.000738
9332.8	0.000738
9339.2	0.000738
9345.6	0.000738
9352	0.000738
9358.4	0.000738
9364.8	0.000738
9371.2	0.000738
9377.6	0.000738
9384	0.000738
9390.4	0.000738
9396.8	0.000738
9403.2	0.000738
9409.6	0.000738
9416	0.000738
9422.4	0.000738
9428.8	0.000738
9435.2	0.000738
9441.6	0.000738
9448	0.000738
9454.4	0.000738
9460.8	0.000738
9467.2	0.000738
9473.6	0.000738
9480	0.000738
9483.2	0.000738
9486.4	0.000738
9489.6	0.000738
9492.8	0.000738
9499.2	0.000738
9505.6	0.000738
9512	0.000738
9518.4	0.000738
9524.8	0.000738
9531.2	0.000738
9537.6	0.000738
9544	0.000738
9547.2	0.000738
9550.4	0.000738
9553.6	0.000738
9560	0.000738
9566.4	0.000738
9572.8	0.000738
9579.2	0.000738
9585.6	0.000738
9592	0.000738
9598.4	0.000738
9601.6	0.000738
9604.8	0.000738
9608	0.000738
9614.4	0.000738
9620.8	0.000738
9627.2	0.000738
9633.6	0.000738
9640	0.000738
9646.4	0.000738
9652.8	0.000738
9659.2	0.000738
9665.6	0.000738
9672	0.000738
9678.4	0.000738
9684.8	0.000738
9691.2	0.000738
9697.6	0.000738
9704	0.000738
9710.4	0.000738
9716.8	0.000738
9723.2	0.000738
9729.6	0.000738
9732.8	0.000738
9736	0.000738
9742.4	0.000738
9748.8	0.000738
9755.2	0.000738
9761.6	0.000738
9768	0.000738
9774.4	0.000738
9780.8	0.000738
9787.2	0.000738
9793.6	0.000738
9800	0.000738
9803.2	0.000738
9806.4	0.000738
9812.8	0.000738
9819.2	0.000738
9825.6	0.000738
9832	0.000738
9838.4	0.000738
9844.8	0.000738
9851.2	0.000738
9857.6	0.000738
9864	0.000738
9870.4	0.000738
9876.8	0.000738
9883.2	0.000738
9889.6	0.000738
9896	0.000738
9902.4	0.000738
9908.8	0.000738
9915.2	0.000738
9921.6	0.000738
9928	0.000738
9934.4	0.000738
9940.8	0.000738
9947.2	0.000738
9953.6	0.000738
9960	0.000738
9966.4	0.000738
9972.8	0.000738
9979.2	0.000738
9985.6	0.000738
9992	0.000738
9998.4	0.000738
10000	0.000738
10006.4	0.000738
10012.8	0.000738
10019.2	0.000738
10025.6	0.000738
10032	0.000738
10038.4	0.000738
10044.8	0.000738
10051.2	0.000738
10057.6	0.000738
10064	0.000738
10070.4	0.000738
10076.8	0.000738
10083.2	0.000738
10089.6	0.000738
10096	0.000738
10102.4	0.000738
10108.8	0.000738
10115.2	0.000738
10121.6	0.000738
10128	0.000738
10134.4	0.000738
10137.6	0.000738
10140.8	0.000738
10144	0.000738
10147.2	0.000738
10150.4	0.000738
10156.8	0.000738
10163.2	0.000738
10169.6	0.000738
10172.8	0.000738
10176	0.000738
10179.2	0.000738
10182.4	0.000738
10185.6	0.000738
10188.8	0.000738
10192	0.000738
10195.2	0.000738
10198.4	0.000738
10201.6	0.000738
10204.8	0.000738
10211.2	0.000738
10217.6	0.000738
10224	0.000738
10230.4	0.000738
10236.8	0.000738
10243.2	0.000738
10249.6	0.000738
10256	0.000738
10262.4	0.000738
10268.8	0.000738
10275.2	0.000738
10281.6	0.000738
10288	0.000738
10294.4	0.000738
10300.8	0.000738
10307.2	0.000738
10313.6	0.000738
10320	0.000738
10326.4	0.000738
10332.8	0.000738
10339.2	0.000738
10345.6	0.000738
10352	0.000738
10358.4	0.000738
10364.8	0.000738
10371.2	0.000738
10377.6	0.000738
10384	0.000738
10390.4	0.000738
10396.8	0.000738
10403.2	0.000738
10409.6	0.000738
10416	0.000738
10422.4	0.000738
10428.8	0.000738
10435.2	0.000738
10441.6	0.000738
10448	0.000738
10454.4	0.000738
10460.8	0.000738
10467.2	0.000738
10473.6	0.000738
10480	0.000738
10486.4	0.000738
10492.8	0.000738
10499.2	0.000738
10505.6	0.000738
10508.8	0.000738
10512	0.000738
10518.4	0.000738
10524.8	0.000738
10531.2	0.000738
10537.6	0.000738
10544	0.000738
10547.2	0.000738
10550.4	0.000738
10553.6	0.000738
10560	0.000738
10566.4	0.000738
10572.8	0.000738
10579.2	0.000738
10585.6	0.000738
10592	0.000738
10598.4	0.000738
10604.8	0.000738
10611.2	0.000738
10617.6	0.000738
10624	0.000738
10630.4	0.000738
10636.8	0.000738
10643.2	0.000738
10649.6	0.000738
10656	0.000738
10662.4	0.000738
10668.8	0.000738
10675.2	0.000738
10681.6	0.000738
10688	0.000738
10694.4	0.000738
10700.8	0.000738
10707.2	0.000738
10713.6	0.000738
10720	0.000738
10726.4	0.000738
10732.8	0.000738
10739.2	0.000738
10745.6	0.000738
10752	0.000738
10758.4	0.000738
10764.8	0.000738
10771.2	0.000738
10777.6	0.000738
10784	0.000738
10790.4	0.000738
10796.8	0.000738
10803.2	0.000738
10809.6	0.000738
10816	0.000738
10822.4	0.000738
10828.8	0.000738
10835.2	0.000738
10841.6	0.000738
10848	0.000738
10851.2	0.000738
10854.4	0.000738
10857.6	0.000738
10860.8	0.000738
10864	0.000738
10867.2	0.000738
10870.4	0.000738
10873.6	0.000738
10876.8	0.000738
10880	0.000738
10883.2	0.000738
10886.4	0.000738
10889.6	0.000738
10892.8	0.000738
10896	0.000738
10899.2	0.000738
10902.4	0.000738
10905.6	0.000738
10908.8	0.000738
10912	0.000738
10915.2	0.000738
10918.4	0.000738
10921.6	0.000738
10924.8	0.000738
10928	0.000738
10931.2	0.000738
10934.4	0.000738
10937.6	0.000738
10940.8	0.000738
10944	0.000738
10947.2	0.000738
10953.6	0.000738
10960	0.000738
10966.4	0.000738
10972.8	0.000738
10979.2	0.000738
10982.4	0.000738
10985.6	0.000738
10988.8	0.000738
10992	0.000738
10995.2	0.000738
10998.4	0.000738
11000	0.000738
11003.2	0.000738
11006.4	0.000738
11009.6	0.000738
11012.8	0.000738
11016	0.000738
11019.2	0.000738
11022.4	0.000738
11025.6	0.000738
11028.8	0.000738
11035.2	0.000738
11041.6	0.000738
11048	0.000738
11051.2	0.000738
11054.4	0.000738
11057.6	0.000738
11060.8	0.000738
11064	0.000738
11067.2	0.000738
11070.4	0.000738
11073.6	0.000738
11076.8	0.000738
11080	0.000738
11083.2	0.000738
11086.4	0.000738
11089.6	0.000738
11092.8	0.000738
11096	0.000738
11099.2	0.000738
11102.4	0.000738
11105.6	0.000738
11108.8	0.000738
11112	0.000738
11115.2	0.000738
11118.4	0.000738
11121.6	0.000738
11124.8	0.000738
11128	0.000738
11131.2	0.000738
11134.4	0.000738
11137.6	0.000738
11140.8	0.000738
11144	0.000738
11147.2	0.000738
11150.4	0.000738
11153.6	0.000738
11156.8	0.000738
11160	0.000738
11163.2	0.000738
11166.4	0.000738
11169.6	0.000738
11172.8	0.000738
11176	0.000738
11179.2	0.000738
11182.4	0.000738
11185.6	0.000738
11188.8	0.000738
11192	0.000738
11195.2	0.000738
11198.4	0.000738
11201.6	0.000738
11204.8	0.000738
11208	0.000738
11211.2	0.000738
11214.4	0.000738
11217.6	0.000738
11220.8	0.000738
11224	0.000738
11227.2	0.000738
11230.4	0.000738
11233.6	0.000738
11236.8	0.000738
11240	0.000738
11243.2	0.000738
11246.4	0.000738
11249.6	0.000738
11252.8	0.000738
11256	0.000738
11259.2	0.000738
11262.4	0.000738
11265.6	0.000738
11268.8	0.000738
11272	0.000738
11275.2	0.000738
11278.4	0.000738
11281.6	0.000738
11284.8	0.000738
11288	0.000738
11291.2	0.000738
11294.4	0.000738
11297.6	0.000738
11300.8	0.000738
11304	0.000738
11307.2	0.000738
11310.4	0.000738
11313.6	0.000738
11316.8	0.000738
11320	0.000738
11323.2	0.000738
11326.4	0.000738
11329.6	0.000738
11332.8	0.000738
11336	0.000738
11339.2	0.000738
11342.4	0.000738
11345.6	0.000738
11348.8	0.000738
11352	0.000738
11353.6	0.000738
11356.8	0.000738
11360	0.000738
11361.6	0.000738
11364.8	0.000738
11368	0.000738
11371.2	0.000738
11374.4	0.000738
11377.6	0.000738
11380.8	0.000738
11384	0.000738
11387.2	0.000738
11390.4	0.000738
11393.6	0.000738
11395.2	0.000738
11396.8	0.000738
11400	0.000738
11403.2	0.000738
11406.4	0.000738
11409.6	0.000738
11412.8	0.000738
11416	0.000738
11419.2	0.000738
11422.4	0.000738
11424	0.000738
11425.6	0.000738
11428.8	0.000738
11432	0.000738
11435.2	0.000738
11438.4	0.000738
11441.6	0.000738
11444.8	0.000738
11448	0.000738
11451.2	0.000738
11452.8	0.000738
11454.4	0.000738
11456	0.000738
11457.6	0.000738
11459.2	0.000738
11460.8	0.000738
11462.4	0.000738
11464	0.000738
11465.6	0.000738
11467.2	0.000738
11468.8	0.000738
11470.4	0.000738
11472	0.000738
11473.6	0.000738
11476.8	0.000738
11478.4	0.000738
11480	0.000738
11481.6	0.000738
11483.2	0.000738
11484.8	0.000738
11486.4	0.000738
11488	0.000738
11489.6	0.000738
11491.2	0.000738
11492.8	0.000738
11494.4	0.000738
11496	0.000738
11497.6	0.000738
11499.2	0.000738
11500.8	0.000738
11502.4	0.000738
11504	0.000738
11505.6	0.000738
11507.2	0.000738
11508.8	0.000738
11510.4	0.000738
11512	0.000738
11513.6	0.000738
11515.2	0.000738
11516.8	0.000738
11518.4	0.000738
11520	0.000738
11521.6	0.000738
11523.2	0.000738
11524.8	0.000738
11526.4	0.000738
11528	0.000738
11529.6	0.000738
11531.2	0.000738
11532.8	0.000738
11534.4	0.000738
11536	0.000738
11537.6	0.000738
11539.2	0.000738
11540.8	0.000738
11542.4	0.000738
11544	0.000738
11545.6	0.000738
11547.2	0.000738
11548.8	0.000738
11550.4	0.000738
11552	0.000738
11553.6	0.000738
11555.2	0.000738
11556.8	0.000738
11558.4	0.000738
11560	0.000738
11561.6	0.000738
11563.2	0.000738
11564.8	0.000738
11566.4	0.000738
11568	0.000738
11569.6	0.000738
11571.2	0.000738
11572.8	0.000738
11574.4	0.000738
11576	0.000738
11577.6	0.000738
11579.2	0.000738
11580.8	0.000738
11581.6	0.000738
11583.2	0.000738
11584.8	0.000738
11586.4	0.000738
11588	0.000738
11589.6	0.000738
11591.2	0.000738
11592.8	0.000738
11594.4	0.000738
11596	0.000738
11597.6	0.000738
11598.4	0.000738
11599.2	0.000738
11600	0.000738
11601.6	0.000738
11603.2	0.000738
11604.8	0.000738
11605.6	0.000738
11607.2	0.000738
11608	0.000738
11608.8	0.000738
11609.6	0.000738
11610.4	0.000738
11611.2	0.000738
11612.8	0.000738
11614.4	0.000738
11615.2	0.000738
11615.6	0.000738
11616.4	0.000738
11617.2	0.000738
11618	0.000738
11618.8	0.000738
11619.6	0.000738
11621.2	0.000738
11622	0.000738
11622.8	0.000738
11623.6	0.000738
11624.4	0.000738
11626	0.000738
11627.6	0.000738
11629.2	0.000738
11630	0.000738
11630.8	0.000738
11631.6	0.000738
11632.4	0.000738
11633.2	0.000738
11634	0.000738
11634.8	0.000738
11635.6	0.000738
11636.4	0.000738
11637.2	0.000738
11638	0.000738
11638.8	0.000738
11639.2	0.000738
11640	0.000738
11640.8	0.000738
11641.6	0.000738
11642.4	0.000738
11643.2	0.000738
11644	0.000738
11644.8	0.000738
11645.6	0.000738
11646.4	0.000738
11647.2	0.000738
11648	0.000738
11648.8	0.000738
11649.6	0.000738
11650.4	0.000738
11651.2	0.000738
11652	0.000738
11652.8	0.000738
11653.6	0.000738
11654.4	0.000738
11655.2	0.000738
11656	0.000738
11656.8	0.000738
11657.6	0.000738
11658.4	0.000738
11659.2	0.000738
11660	0.000738
11660.8	0.000738
11661.6	0.000738
11662.4	0.000738
11663.2	0.000738
11664	0.000738
11664.8	0.000738
11665.6	0.000738
11666.4	0.000738
11667.2	0.000738
11668	0.000738
11668.8	0.000738
11669.6	0.000738
11670.4	0.000738
11671.2	0.000738
11672	0.000738
11672.8	0.000738
11673.6	0.000738
11674.4	0.000738
11675.2	0.000738
11676	0.000738
11676.8	0.000738
11678.4	0.000738
11680	0.000738
11680.8	0.000738
11681.2	0.000738
11681.6	0.000738
11682.4	0.000738
11683.2	0.000738
11684	0.000738
11684.8	0.000738
11685.6	0.000738
11686.4	0.000738
11687.2	0.000738
11688	0.000738
11688.8	0.000738
11689.6	0.000738
11690.4	0.000738
11691.2	0.000738
11692	0.000738
11692.8	0.000738
11693.6	0.000738
11694.4	0.000738
11695.2	0.000738
11696	0.000738
11696.8	0.000738
11697.6	0.000738
11698.4	0.000738
11699.2	0.000738
11700	0.000738
11700.8	0.000738
11701.6	0.000738
11702.4	0.000738
11703.2	0.000738
11704	0.000738
11704.4	0.000738
11704.8	0.000738
11705.2	0.000738
11706	0.000738
11706.8	0.000738
11707.6	0.000738
11708.4	0.000738
11708.8	0.000738
11709.6	0.000738
11710.4	0.000738
11711.2	0.000738
11711.6	0.000738
11712.4	0.000738
11713.2	0.000738
11714	0.000738
11714.8	0.000738
11715.6	0.000738
11716.4	0.000738
11717.2	0.000738
11718	0.000738
11718.8	0.000738
11719.6	0.000738
11720.4	0.000738
11721.2	0.000738
11722	0.000738
11722.8	0.000738
11723.6	0.000738
11724.4	0.000738
11725.2	0.000738
11726	0.000738
11726.8	0.000738
11727.6	0.000738
11728	0.000738
11728.8	0.000738
11729.6	0.000738
11730.4	0.000738
11730.8	0.000738
11731.2	0.000738
11732	0.000738
11732.8	0.000738
11733.6	0.000738
11734.4	0.000738
11735.2	0.000738
11736	0.000738
11736.8	0.000738
11737.6	0.000738
11738.4	0.000738
11739.2	0.000738
11740	0.000738
11740.8	0.000738
11741.6	0.000738
11742.4	0.000738
11743.2	0.000738
11744	0.000738
11744.4	0.000738
11744.8	0.000738
11745.2	0.000738
11745.6	0.000738
11746.4	0.000738
11747.2	0.000738
11748	0.000738
11748.8	0.000738
11749.2	0.000738
11749.6	0.000738
11750	0.000738
11750.8	0.000738
11751.6	0.000738
11752	0.000738
11752.4	0.000738
11752.8	0.000738
11753.2	0.000738
11753.6	0.000738
11754.4	0.000738
11755.2	0.000738
11756	0.000738
11756.4	0.000738
11756.8	0.000738
11757.6	0.000738
11758.4	0.000738
11759.2	0.000738
11760	0.000738
11760.8	0.000738
11761.6	0.000738
11762.4	0.000738
11763.2	0.000738
11764	0.000738
11764.4	0.000738
11764.8	0.000738
11765.6	0.000738
11766.4	0.000738
11766.8	0.000738
11767.2	0.000738
11768	0.000738
11768.4	0.000738
11768.8	0.000738
11769.6	0.000738
11770	0.000738
11770.4	0.000738
11770.8	0.000738
11771.2	0.000738
11771.6	0.000738
11772.4	0.000738
11772.8	0.000738
11773.2	0.000738
11773.6	0.000738
11774.4	0.000738
11775.2	0.000738
11775.6	0.000738
11776	0.000738
11776.4	0.000738
11777.2	0.000738
11777.6	0.000738
11778	0.000738
11778.4	0.000738
11779.2	0.000738
11780	0.000738
11780.8	0.000738
11781.6	0.000738
11782.4	0.000738
11783.2	0.000738
11784	0.000738
11784.4	0.000738
11784.8	0.000738
11785.2	0.000738
11785.6	0.000738
11786.4	0.000738
11787.2	0.000738
11788	0.000738
11788.4	0.000738
11788.8	0.000738
11789.2	0.000738
11789.6	0.000738
11790	0.000738
11790.4	0.000738
11791.2	0.000738
11792	0.000738
11792.8	0.000738
11793.2	0.000738
11793.6	0.000738
11794	0.000738
11794.8	0.000738
11795.2	0.000738
11796	0.000738
11796.4	0.000738
11796.8	0.000738
11797.2	0.000738
11797.6	0.000738
11798	0.000738
11798.8	0.000738
11799.2	0.000738
11799.6	0.000738
11800	0.000738
11800.4	0.000738
11800.8	0.000738
11801.2	0.000738
11801.6	0.000738
11802	0.000738
11802.4	0.000738
11802.8	0.000738
11803.2	0.000738
11804	0.000738
11804.4	0.000738
11804.8	0.000738
11805.2	0.000738
11805.6	0.000738
11806	0.000738
11806.4	0.000738
11807.2	0.000738
11807.6	0.000738
11808	0.000738
11808.4	0.000738
11808.8	0.000738
11809.2	0.000738
11809.6	0.000738
11810	0.000738
11810.4	0.000738
11811.2	0.000738
11812	0.000738
11812.4	0.000738
11812.8	0.000738
11813.2	0.000738
11813.6	0.000738
11814	0.000738
11814.4	0.000738
11814.8	0.000738
11815.2	0.000738
11816	0.000738
11816.4	0.000738
11816.8	0.000738
11817.2	0.000738
11817.6	0.000738
11818.4	0.000738
11819.2	0.000738
11820	0.000738
11820.4	0.000738
11821.2	0.000738
11821.6	0.000738
11822	0.000738
11822.4	0.000738
11823.2	0.000738
11823.6	0.000738
11824	0.000738
11824.4	0.000738
11825.2	0.000738
11825.6	0.000738
11825.8	0.000738
11826.2	0.000738
11826.6	0.000738
11827	0.000738
11827.4	0.000738
11827.8	0.000738
11828.2	0.000738
11828.6	0.000738
11829	0.000738
11829.4	0.000738
11829.8	0.000738
11830.2	0.000738
11830.6	0.000738
11831	0.000738
11831.4	0.000738
11831.8	0.000738
11832.2	0.000738
11833	0.000738
11833.4	0.000738
11833.8	0.000738
11834.6	0.000738
11835.4	0.000738
11835.8	0.000738
11836.2	0.000738
11836.6	0.000738
11837	0.000738
11837.4	0.000738
11837.8	0.000738
11838.6	0.000738
11839.4	0.000738
11839.8	0.000738
11840.2	0.000738
11840.6	0.000738
11841	0.000738
11841.4	0.000738
11841.8	0.000738
11842.2	0.000738
11842.6	0.000738
11843	0.000738
11843.4	0.000738
11843.8	0.000738
11844.2	0.000738
11844.6	0.000738
11845.4	0.000738
11845.8	0.000738
11846	0.000738
11846.4	0.000738
11846.8	0.000738
11847.2	0.000738
11847.6	0.000738
11848	0.000738
11848.4	0.000738
11848.8	0.000738
11849.2	0.000738
11849.6	0.000738
11850	0.000738
11850.4	0.000738
11850.8	0.000738
11851.2	0.000738
11851.6	0.000738
11852	0.000738
11852.2	0.000738
11852.6	0.000738
11853	0.000738
11853.4	0.000738
11853.8	0.000738
11854.2	0.000738
11854.6	0.000738
11855	0.000738
11855.4	0.000738
11855.8	0.000738
11856.2	0.000738
11857	0.000738
11857.4	0.000738
11857.8	0.000738
11858.2	0.000738
11858.6	0.000738
11859	0.000738
11859.4	0.000738
11859.8	0.000738
11860.2	0.000738
11860.6	0.000738
11861	0.000738
11861.4	0.000738
11862.2	0.000738
11862.6	0.000738
11863.4	0.000738
11863.8	0.000738
11864.2	0.000738
11864.6	0.000738
11865	0.000738
11865.4	0.000738
11865.8	0.000738
11866.2	0.000738
11866.6	0.000738
11867	0.000738
11867.8	0.000738
11868.2	0.000738
11868.6	0.000738
11869	0.000738
11869.4	0.000738
11869.8	0.000738
11870.2	0.000738
11870.6	0.000738
11871	0.000738
11871.4	0.000738
11871.8	0.000738
11872.2	0.000738
11872.6	0.000738
11873	0.000738
11873.4	0.000738
11873.8	0.000738
11874.6	0.000738
11875	0.000738
11875.4	0.000738
11875.8	0.000738
11876.2	0.000738
11876.6	0.000738
11877	0.000738
11877.4	0.000738
11877.8	0.000738
11878.2	0.000738
11878.6	0.000738
11879	0.000738
11879.4	0.000738
11879.8	0.000738
11880.6	0.000738
11881	0.000738
11881.4	0.000738
11881.8	0.000738
11882.2	0.000738
11882.6	0.000738
11883	0.000738
11883.4	0.000738
11883.8	0.000738
11884.2	0.000738
11884.6	0.000738
11885	0.000738
11885.4	0.000738
11885.8	0.000738
11886.2	0.000738
11886.6	0.000738
11887	0.000738
11887.4	0.000738
11887.8	0.000738
11888.2	0.000738
11888.6	0.000738
11889	0.000738
11889.4	0.000738
11889.8	0.000738
11890.2	0.000738
11890.6	0.000738
11891	0.000738
11891.4	0.000738
11891.8	0.000738
11892.2	0.000738
11892.6	0.000738
11893	0.000738
11893.4	0.000738
11893.8	0.000738
11894.2	0.000738
11894.6	0.000738
11895	0.000738
11895.4	0.000738
11895.8	0.000738
11896.2	0.000738
11896.6	0.000738
11897	0.000738
11897.4	0.000738
11897.8	0.000738
11898.2	0.000738
11898.6	0.000738
11899	0.000738
11899.4	0.000738
11899.8	0.000738
11900.2	0.000738
11900.6	0.000738
11901	0.000738
11901.4	0.000738
11901.8	0.000738
11902.2	0.000738
11902.6	0.000738
11903	0.000738
11903.4	0.000738
11903.8	0.000738
11904.6	0.000738
11905.4	0.000738
11905.8	0.000738
11906.2	0.000738
11906.6	0.000738
11907	0.000738
11907.4	0.000738
11907.8	0.000738
11908.2	0.000738
11908.6	0.000738
11909	0.000738
11909.4	0.000738
11909.8	0.000738
11910.2	0.000738
11910.6	0.000738
11911	0.000738
11911.8	0.000738
11912.2	0.000738
11912.6	0.000738
11913	0.000738
11913.8	0.000738
11914.6	0.000738
11915.4	0.000738
11915.8	0.000738
11916.2	0.000738
11916.6	0.000738
11917	0.000738
11917.4	0.000738
11917.8	0.000738
11918.2	0.000738
11918.6	0.000738
11919.4	0.000738
11920.2	0.000738
11920.6	0.000738
11921	0.000738
11921.8	0.000738
11922.6	0.000738
11923	0.000738
11923.4	0.000738
11923.8	0.000738
11924.6	0.000738
11925.4	0.000738
11926.2	0.000738
11927	0.000738
11927.4	0.000738
11927.8	0.000738
11928.2	0.000738
11928.6	0.000738
11929	0.000738
11929.4	0.000738
11929.8	0.000738
11930.2	0.000738
11930.6	0.000738
11931	0.000738
11931.4	0.000738
11931.8	0.000738
11932.2	0.000738
11932.6	0.000738
11933.4	0.000738
11934.2	0.000738
11935	0.000738
11935.4	0.000738
11935.8	0.000738
11936.2	0.000738
11936.6	0.000738
11937.4	0.000738
11937.8	0.000738
11938.6	0.000738
11939.4	0.000738
11939.8	0.000738
11940.2	0.000738
11940.6	0.000738
11941	0.000738
11941.4	0.000738
11942.2	0.000738
11942.6	0.000738
11943	0.000738
11943.4	0.000738
11943.8	0.000738
11944.2	0.000738
11945	0.000738
11945.8	0.000738
11946.2	0.000738
11947	0.000738
11947.8	0.000738
11948.6	0.000738
11949	0.000738
11949.4	0.000738
11949.8	0.000738
11950.6	0.000738
11951	0.000738
11951.4	0.000738
11951.8	0.000738
11952.2	0.000738
11952.6	0.000738
11953.4	0.000738
11954.2	0.000738
11955	0.000738
11955.8	0.000738
11956.2	0.000738
11956.6	0.000738
11957	0.000738
11957.8	0.000738
11958.2	0.000738
11959	0.000738
11959.8	0.000738
11960.6	0.000738
11961.4	0.000738
11962.2	0.000738
11963	0.000738
11963.8	0.000738
11964.6	0.000738
11965.4	0.000738
11966.2	0.000738
11967	0.000738
11967.8	0.000738
11968.6	0.000738
11969.4	0.000738
11970.2	0.000738
11971	0.000738
11971.8	0.000738
11972.6	0.000738
11973.4	0.000738
11974.2	0.000738
11975	0.000738
11975.8	0.000738
11976.6	0.000738
11977.4	0.000738
11977.8	0.000738
11978.6	0.000738
11979.4	0.000738
11980.2	0.000738
11981	0.000738
11981.8	0.000738
11982.6	0.000738
11983.4	0.000738
11984.2	0.000738
11985	0.000738
11985.8	0.000738
11986.6	0.000738
11987.4	0.000738
11988.2	0.000738
11989	0.000738
11989.8	0.000738
11990.2	0.000738
11991	0.000738
11991.8	0.000738
11992.6	0.000738
11993.4	0.000738
11994.2	0.000738
11995	0.000738
11995.8	0.000738
11996.6	0.000738
11997.4	0.000738
11998.2	0.000738
11999	0.000738
11999.4	0.000738
11999.8	0.000738
12000	0.000738
12000.4	0.000738
12001.2	0.000738
12002	0.000738
12002.8	0.000738
12003.6	0.000738
12004.4	0.000738
12005.2	0.000738
12006	0.000738
12006.8	0.000738
12007.6	0.000738
12008.4	0.000738
12009.2	0.000738
12010	0.000738
12010.8	0.000738
12011.6	0.000738
12012.4	0.000738
12013.2	0.000738
12014	0.000738
12014.8	0.000738
12015.6	0.000738
12016.4	0.000738
12017.2	0.000738
12018	0.000738
12018.8	0.000738
12019.6	0.000738
12020.4	0.000738
12021.2	0.000738
12022	0.000738
12022.8	0.000738
12023.6	0.000738
12024.4	0.000738
12025.2	0.000738
12026.8	0.000738
12028.4	0.000738
12029.2	0.000738
12030	0.000738
12031.6	0.000738
12033.2	0.000738
12034	0.000738
12035.6	0.000738
12036.4	0.000738
12037.2	0.000738
12038.8	0.000738
12040.4	0.000738
12042	0.000738
12043.6	0.000738
12044.4	0.000738
12045.2	0.000738
12046.8	0.000738
12048.4	0.000738
12050	0.000738
12051.6	0.000738
12053.2	0.000738
12054.8	0.000738
12056.4	0.000738
12058	0.000738
12059.6	0.000738
12061.2	0.000738
12062.8	0.000738
12063.6	0.000738
12064.4	0.000738
12066	0.000738
12067.6	0.000738
12069.2	0.000738
12070.8	0.000738
12072.4	0.000738
12074	0.000738
12075.6	0.000738
12077.2	0.000738
12078.8	0.000738
12080.4	0.000738
12082	0.000738
12083.6	0.000738
12085.2	0.000738
12086.8	0.000738
12088.4	0.000738
12090	0.000738
12091.6	0.000738
12093.2	0.000738
12094.8	0.000738
12096.4	0.000738
12098	0.000738
12099.6	0.000738
12101.2	0.000738
12102.8	0.000738
12104.4	0.000738
12106	0.000738
12107.6	0.000738
12109.2	0.000738
12110.8	0.000738
12114	0.000738
12115.6	0.000738
12117.2	0.000738
12118.8	0.000738
12120.4	0.000738
12123.6	0.000738
12126.8	0.000738
12130	0.000738
12131.6	0.000738
12133.2	0.000738
12134.8	0.000738
12138	0.000738
12141.2	0.000738
12144.4	0.000738
12146	0.000738
12147.6	0.000738
12149.2	0.000738
12150.8	0.000738
12154	0.000738
12157.2	0.000738
12160.4	0.000738
12163.6	0.000738
12166.8	0.000738
12170	0.000738
12173.2	0.000738
12176.4	0.000738
12179.6	0.000738
12182.8	0.000738
12186	0.000738
12189.2	0.000738
12190.8	0.000738
12194	0.000738
12197.2	0.000738
12200.4	0.000738
12203.6	0.000738
12206.8	0.000738
12210	0.000738
12213.2	0.000738
12216.4	0.000738
12219.6	0.000738
12222.8	0.000738
12226	0.000738
12229.2	0.000738
12232.4	0.000738
12235.6	0.000738
12238.8	0.000738
12245.2	0.000738
12251.6	0.000738
12258	0.000738
12264.4	0.000738
12270.8	0.000738
12277.2	0.000738
12283.6	0.000738
12290	0.000738
12296.4	0.000738
12302.8	0.000738
12309.2	0.000738
12315.6	0.000738
12322	0.000738
12328.4	0.000738
12334.8	0.000738
12341.2	0.000738
12347.6	0.000738
12354	0.000738
12360.4	0.000738
12366.8	0.000738
12373.2	0.000738
12386	0.000738
12398.8	0.000738
12411.6	0.000738
12424.4	0.000738
12437.2	0.000738
12450	0.000738
12462.8	0.000738
12475.6	0.000738
12488.4	0.000738
12501.2	0.000738
12514	0.000738
12526.8	0.000738
12539.6	0.000738
12552.4	0.000738
12565.2	0.000738
12578	0.000738
12593	0.000738
12608	0.000738
12623	0.000738
12638	0.000738
12653	0.000738
12668	0.000738
12683	0.000738
12698	0.000738
12713	0.000738
12728	0.000738
12743	0.000738
12758	0.000738
12773	0.000738
12788	0.000738
12803	0.000738
12818	0.000738
12833	0.000738
12848	0.000738
12863	0.000738
12878	0.000738
12893	0.000738
12908	0.000738
12923	0.000738
12938	0.000738
12953	0.000738
12968	0.000738
12983	0.000738
12998	0.000738
13000	0.000738
13015	0.000738
13030	0.000738
13045	0.000738
13060	0.000738
13075	0.000738
13090	0.000738
13105	0.000738
13120	0.000738
13135	0.000738
13150	0.000738
13165	0.000738
13180	0.000738
13195	0.000738
13210	0.000738
13225	0.000738
13240	0.000738
13255	0.000738
13270	0.000738
13285	0.000738
13300	0.000738
13315	0.000738
13330	0.000738
13345	0.000738
13360	0.000738
13375	0.000738
13390	0.000738
13405	0.000738
13420	0.000738
13435	0.000738
13450	0.000738
13465	0.000738
13480	0.000738
13495	0.000738
13510	0.000738
13525	0.000738
13540	0.000738
13555	0.000738
13570	0.000738
13585	0.000738
13600	0.000738
13615	0.000738
13630	0.000738
13645	0.000738
13660	0.000738
13675	0.000738
13690	0.000738
13705	0.000738
13720	0.000738
13735	0.000738
13750	0.000738
13765	0.000738
13780	0.000738
13795	0.000738
13810	0.000738
13825	0.000738
13840	0.000738
13855	0.000738
13870	0.000738
13885	0.000738
13900	0.000738
13915	0.000738
13930	0.000738
13945	0.000738
13960	0.000738
13975	0.000738
13990	0.000738
14000	0.000738
14015	0.000738
14030	0.000738
14045	0.000738
14060	0.000738
14075	0.000738
14090	0.000738
14105	0.000738
14120	0.000738
14135	0.000738
14150	0.000738
14165	0.000738
14180	0.000738
14195	0.000738
14210	0.000738
14225	0.000738
14240	0.000738
14255	0.000738
14270	0.000738
14285	0.000738
14300	0.000738
14315	0.000738
14330	0.000738
14345	0.000738
14360	0.000738
14375	0.000738
14390	0.000738
14405	0.000738
14420	0.000738
14435	0.000738
14450	0.000738
14465	0.000738
14480	0.000738
14495	0.000738
14510	0.000738
14525	0.000738
14540	0.000738
14555	0.000738
14570	0.000738
14585	0.000738
14600	0.000738
14615	0.000738
14630	0.000738
14645	0.000738
14660	0.000738
14675	0.000738
14690	0.000738
14705	0.000738
14720	0.000738
14735	0.000738
14750	0.000738
14765	0.000738
14780	0.000738
14795	0.000738
14810	0.000738
14825	0.000738
14840	0.000738
14855	0.000738
14870	0.000738
14885	0.000738
14900	0.000738
14915	0.000738
14930	0.000738
14945	0.000738
14960	0.000738
14975	0.000738
14990	0.000738
15000	0.000738
15015	0.000738
15030	0.000738
15045	0.000738
15060	0.000738
15075	0.000738
15090	0.000738
15105	0.000738
15120	0.000738
15135	0.000738
15150	0.000738
15165	0.000738
15180	0.000738
15195	0.000738
15210	0.000738
15225	0.000738
15240	0.000738
15255	0.000738
15270	0.000738
15285	0.000738
15300	0.000738
15315	0.000738
15330	0.000738
15345	0.000738
15360	0.000738
15375	0.000738
15390	0.000738
15405	0.000738
15420	0.000738
15435	0.000738
15450	0.000738
15465	0.000738
15480	0.000738
15495	0.000738
15510	0.000738
15525	0.000738
15540	0.000738
15555	0.000738
15570	0.000738
15585	0.000738
15600	0.000738
15615	0.000738
15630	0.000738
15645	0.000738
15660	0.000738
15675	0.000738
15690	0.000738
15705	0.000738
15720	0.000738
15735	0.000738
15750	0.000738
15765	0.000738
15780	0.000738
15795	0.000738
15810	0.000738
15825	0.000738
15840	0.000738
15855	0.000738
15870	0.000738
15885	0.000738
15900	0.000738
15915	0.000738
15930	0.000738
15945	0.000738
15960	0.000738
15975	0.000738
15990	0.000738
16000	0.000738
16015	0.000738
16030	0.000738
16045	0.000738
16060	0.000738
16075	0.000738
16090	0.000738
16105	0.000738
16120	0.000738
16135	0.000738
16150	0.000738
16165	0.000738
16180	0.000738
16195	0.000738
16210	0.000738
16225	0.000738
16240	0.000738
16255	0.000738
16270	0.000738
16285	0.000738
16300	0.000738
16315	0.000738
16330	0.000738
16345	0.000738
16360	0.000738
16375	0.000738
16390	0.000738
16405	0.000738
16420	0.000738
16435	0.000738
16450	0.000738
16465	0.000738
16480	0.000738
16495	0.000738
16510	0.000738
16525	0.000738
16540	0.000738
16555	0.000738
16570	0.000738
16585	0.000738
16600	0.000738
16615	0.000738
16630	0.000738
16645	0.000738
16660	0.000738
16675	0.000738
16690	0.000738
16705	0.000738
16720	0.000738
16735	0.000738
16750	0.000738
16765	0.000738
16780	0.000738
16795	0.000738
16810	0.000738
16825	0.000738
16840	0.000738
16855	0.000738
16870	0.000738
16885	0.000738
16900	0.000738
16915	0.000738
16930	0.000738
16945	0.000738
16960	0.000738
16975	0.000738
16990	0.000738
17000	0.000738
17015	0.000738
17030	0.000738
17045	0.000738
17060	0.000738
17075	0.000738
17090	0.000738
17105	0.000738
17120	0.000738
17135	0.000738
17150	0.000738
17165	0.000738
17180	0.000738
17195	0.000738
17210	0.000738
17225	0.000738
17240	0.000738
17255	0.000738
17270	0.000738
17285	0.000738
17300	0.000738
17315	0.000738
17330	0.000738
17345	0.000738
17360	0.000738
17375	0.000738
17390	0.000738
17405	0.000738
17420	0.000738
17435	0.000738
17450	0.000738
17465	0.000738
17480	0.000738
17495	0.000738
17510	0.000738
17525	0.000738
17540	0.000738
17555	0.000738
17570	0.000738
17585	0.000738
17600	0.000738
17615	0.000738
17630	0.000738
17645	0.000738
17660	0.000738
17675	0.000738
17690	0.000738
17705	0.000738
17720	0.000738
17735	0.000738
17750	0.000738
17765	0.000738
17780	0.000738
17795	0.000738
17810	0.000738
17825	0.000738
17840	0.000738
17855	0.000738
17870	0.000738
17885	0.000738
17900	0.000738
17915	0.000738
17930	0.000738
17945	0.000738
17960	0.000738
17975	0.000738
17990	0.000738
18000	0.000738
18015	0.000738
18030	0.000738
18045	0.000738
18060	0.000738
18075	0.000738
18090	0.000738
18105	0.000738
18120	0.000738
18135	0.000738
18150	0.000738
18165	0.000738
18180	0.000738
18195	0.000738
18210	0.000738
18225	0.000738
18240	0.000738
18255	0.000738
18270	0.000738
18285	0.000738
18300	0.000738
18315	0.000738
18330	0.000738
18345	0.000738
18360	0.000738
18375	0.000738
18390	0.000738
18405	0.000738
18420	0.000738
18435	0.000738
18450	0.000738
18465	0.000738
18480	0.000738
18495	0.000738
18510	0.000738
18525	0.000738
18540	0.000738
18555	0.000738
18570	0.000738
18585	0.000738
18600	0.000738
18615	0.000738
18630	0.000738
18645	0.000738
18660	0.000738
18675	0.000738
18690	0.000738
18705	0.000738
18720	0.000738
18735	0.000738
18750	0.000738
18765	0.000738
18780	0.000738
18795	0.000738
18810	0.000738
18825	0.000738
18840	0.000738
18855	0.000738
18870	0.000738
18885	0.000738
18900	0.000738
18915	0.000738
18930	0.000738
18945	0.000738
18960	0.000738
18975	0.000738
18990	0.000738
19000	0.000738
19015	0.000738
19030	0.000738
19045	0.000738
19060	0.000738
19075	0.000738
19090	0.000738
19105	0.000738
19120	0.000738
19135	0.000738
19150	0.000738
19165	0.000738
19180	0.000738
19195	0.000738
19210	0.000738
19225	0.000738
19240	0.000738
19255	0.000738
19270	0.000738
19285	0.000738
19300	0.000738
19315	0.000738
19330	0.000738
19345	0.000738
19360	0.000738
19375	0.000738
19390	0.000738
19405	0.000738
19420	0.000738
19435	0.000738
19450	0.000738
19465	0.000738
19480	0.000738
19495	0.000738
19510	0.000738
19525	0.000738
19540	0.000738
19555	0.000738
19570	0.000738
19585	0.000738
19600	0.000738
19615	0.000738
19630	0.000738
19645	0.000738
19660	0.000738
19675	0.000738
19690	0.000738
19705	0.000738
19720	0.000738
19735	0.000738
19750	0.000738
19765	0.000738
19780	0.000738
19795	0.000738
19810	0.000738
19825	0.000738
19840	0.000738
19855	0.000738
19870	0.000738
19885	0.000738
19900	0.000738
19915	0.000738
19930	0.000738
19945	0.000738
19960	0.000738
19975	0.000738
19990	0.000738
20000	0.000738
20015	0.000738
20030	0.000738
20045	0.000738
20060	0.000738
20075	0.000738
20090	0.000738
20105	0.000738
20120	0.000738
20135	0.000738
20150	0.000738
20165	0.000738
20180	0.000738
20195	0.000738
20210	0.000738
20225	0.000738
20240	0.000738
20255	0.000738
20270	0.000738
20285	0.000738
20300	0.000738
20315	0.000738
20330	0.000738
20345	0.000738
20360	0.000738
20375	0.000738
20390	0.000738
20405	0.000738
20420	0.000738
20435	0.000738
20450	0.000738
20465	0.000738
20480	0.000738
20495	0.000738
20510	0.000738
20525	0.000738
20540	0.000738
20555	0.000738
20570	0.000738
20585	0.000738
20600	0.000738
20615	0.000738
20630	0.000738
20645	0.000738
20660	0.000738
20675	0.000738
20690	0.000738
20705	0.000738
20720	0.000738
20735	0.000738
20750	0.000738
20765	0.000738
20780	0.000738
20795	0.000738
20810	0.000738
20825	0.000738
20840	0.000738
20855	0.000738
20870	0.000738
20885	0.000738
20900	0.000738
20915	0.000738
20930	0.000738
20945	0.000738
20960	0.000738
20975	0.000738
20990	0.000738
21000	0.000738
21015	0.000738
21030	0.000738
21045	0.000738
21060	0.000738
21075	0.000738
21090	0.000738
21105	0.000738
21120	0.000738
21135	0.000738
21150	0.000738
21165	0.000738
21180	0.000738
21195	0.000738
21210	0.000738
21225	0.000738
21240	0.000738
21255	0.000738
21270	0.000738
21285	0.000738
21300	0.000738
21315	0.000738
21330	0.000738
21345	0.000738
21360	0.000738
21375	0.000738
21390	0.000738
21405	0.000738
21420	0.000738
21435	0.000738
21450	0.000738
21465	0.000738
21480	0.000738
21495	0.000738
21510	0.000738
21525	0.000738
21540	0.000738
21555	0.000738
21570	0.000738
21585	0.000738
21600	0.000738
21615	0.000738
21630	0.000738
21645	0.000738
21660	0.000738
21675	0.000738
21690	0.000738
21705	0.000738
21720	0.000738
21735	0.000738
21750	0.000738
21765	0.000738
21780	0.000738
21795	0.000738
21810	0.000738
21825	0.000738
21840	0.000738
21855	0.000738
21870	0.000738
21885	0.000738
21900	0.000738
21915	0.000738
21930	0.000738
21945	0.000738
21960	0.000738
21975	0.000738
21990	0.000738
22000	0.000738
22015	0.000738
22030	0.000738
22045	0.000738
22060	0.000738
22075	0.000738
22090	0.000738
22105	0.000738
22120	0.000738
22135	0.000738
22150	0.000738
22165	0.000738
22180	0.000738
22195	0.000738
22210	0.000738
22225	0.000738
22240	0.000738
22255	0.000738
22270	0.000738
22285	0.000738
22300	0.000738
22315	0.000738
22330	0.000738
22345	0.000738
22360	0.000738
22375	0.000738
22390	0.000738
22405	0.000738
22420	0.000738
22435	0.000738
22450	0.000738
22465	0.000738
22480	0.000738
22495	0.000738
22510	0.000738
22525	0.000738
22540	0.000738
22555	0.000738
22570	0.000738
22585	0.000738
22600	0.000738
22615	0.000738
22630	0.000738
22645	0.000738
22660	0.000738
22675	0.000738
22690	0.000738
22705	0.000738
22720	0.000738
22735	0.000738
22750	0.000738
22765	0.000738
22780	0.000738
22795	0.000738
22810	0.000738
22825	0.000738
22840	0.000738
22855	0.000738
22870	0.000738
22885	0.000738
22900	0.000738
22915	0.000738
22930	0.000738
22945	0.000738
22960	0.000738
22975	0.000738
22990	0.000738
23000	0.000738
23015	0.000738
23030	0.000738
23045	0.000738
23060	0.000738
23075	0.000738
23090	0.000738
23105	0.000738
23120	0.000738
23135	0.000738
23150	0.000738
23165	0.000738
23180	0.000738
23195	0.000738
23210	0.000738
23225	0.000738
23240	0.000738
23255	0.000738
23270	0.000738
23285	0.000738
23300	0.000738
23315	0.000738
23330	0.000738
23345	0.000738
23360	0.000738
23375	0.000738
23390	0.000738
23405	0.000738
23420	0.000738
23435	0.000738
23450	0.000738
23465	0.000738
23480	0.000738
23495	0.000738
23510	0.000738
23525	0.000738
23540	0.000738
23555	0.000738
23570	0.000738
23585	0.000738
23600	0.000738
23615	0.000738
23630	0.000738
23645	0.000738
23660	0.000738
23675	0.000738
23690	0.000738
23705	0.000738
23720	0.000738
23735	0.000738
23750	0.000738
23765	0.000738
23780	0.000738
23795	0.000738
23810	0.000738
23825	0.000738
23840	0.000738
23855	0.000738
23870	0.000738
23885	0.000738
23900	0.000738
23915	0.000738
23930	0.000738
23945	0.000738
23960	0.000738
23975	0.000738
23990	0.000738
24000	0.000738
24015	0.000738
24030	0.000738
24045	0.000738
24060	0.000738
24075	0.000738
24090	0.000738
24105	0.000738
24120	0.000738
24135	0.000738
24150	0.000738
24165	0.000738
24180	0.000738
24195	0.000738
24210	0.000738
24225	0.000738
24240	0.000738
24255	0.000738
24270	0.000738
24285	0.000738
24300	0.000738
24315	0.000738
24330	0.000738
24345	0.000738
24360	0.000738
24375	0.000738
24390	0.000738
24405	0.000738
24420	0.000738
24435	0.000738
24450	0.000738
24465	0.000738
24480	0.000738
24495	0.000738
24510	0.000738
24525	0.000738
24540	0.000738
24555	0.000738
24570	0.000738
24585	0.000738
24600	0.000738
24615	0.000738
24630	0.000738
24645	0.000738
24660	0.000738
24675	0.000738
24690	0.000738
24705	0.000738
24720	0.000738
24735	0.000738
24750	0.000738
24765	0.000738
24780	0.000738
24795	0.000738
24810	0.000738
24825	0.000738
24840	0.000738
24855	0.000738
24870	0.000738
24885	0.000738
24900	0.000738
24915	0.000738
24930	0.000738
24945	0.000738
24960	0.000738
24975	0.000738
24990	0.000738
25000	0.000738
25015	0.000738
25030	0.000738
25045	0.000738
25060	0.000738
25075	0.000738
25090	0.000738
25105	0.000738
25120	0.000738
25135	0.000738
25150	0.000738
25165	0.000738
25180	0.000738
25195	0.000738
25210	0.000738
25225	0.000738
25240	0.000738
25255	0.000738
25270	0.000738
25285	0.000738
25300	0.000738
25315	0.000738
25330	0.000738
25345	0.000738
25360	0.000738
25375	0.000738
25390	0.000738
25405	0.000738
25420	0.000738
25435	0.000738
25450	0.000738
25465	0.000738
25480	0.000738
25495	0.000738
25510	0.000738
25525	0.000738
25540	0.000738
25555	0.000738
25570	0.000738
25585	0.000738
25600	0.000738
25615	0.000738
25630	0.000738
25645	0.000738
25660	0.000738
25675	0.000738
25690	0.000738
25705	0.000738
25720	0.000738
25735	0.000738
25750	0.000738
25765	0.000738
25780	0.000738
25795	0.000738
25810	0.000738
25825	0.000738
25840	0.000738
25855	0.000738
25870	0.000738
25885	0.000738
25900	0.000738
25915	0.000738
25930	0.000738
25945	0.000738
25960	0.000738
25975	0.000738
25990	0.000738
26000	0.000738
26015	0.000738
26030	0.000738
26045	0.000738
26060	0.000738
26075	0.000738
26090	0.000738
26105	0.000738
26120	0.000738
26135	0.000738
26150	0.000738
26165	0.000738
26180	0.000738
26195	0.000738
26210	0.000738
26225	0.000738
26240	0.000738
26255	0.000738
26270	0.000738
26285	0.000738
26300	0.000738
26315	0.000738
26330	0.000738
26345	0.000738
26360	0.000738
26375	0.000738
26390	0.000738
26405	0.000738
26420	0.000738
26435	0.000738
26450	0.000738
26465	0.000738
26480	0.000738
26495	0.000738
26510	0.000738
26525	0.000738
26540	0.000738
26555	0.000738
26570	0.000738
26585	0.000738
26600	0.000738
26615	0.000738
26630	0.000738
26645	0.000738
26660	0.000738
26675	0.000738
26690	0.000738
26705	0.000738
26720	0.000738
26735	0.000738
26750	0.000738
26765	0.000738
26780	0.000738
26795	0.000738
26810	0.000738
26825	0.000738
26840	0.000738
26855	0.000738
26870	0.000738
26885	0.000738
26900	0.000738
26915	0.000738
26930	0.000738
26945	0.000738
26960	0.000738
26975	0.000738
26990	0.000738
27000	0.000738
27015	0.000738
27030	0.000738
27045	0.000738
27060	0.000738
27075	0.000738
27090	0.000738
27105	0.000738
27120	0.000738
27135	0.000738
27150	0.000738
27165	0.000738
27180	0.000738
27195	0.000738
27210	0.000738
27225	0.000738
27240	0.000738
27255	0.000738
27270	0.000738
27285	0.000738
27300	0.000738
27315	0.000738
27330	0.000738
27345	0.000738
27360	0.000738
27375	0.000738
27390	0.000738
27405	0.000738
27420	0.000738
27435	0.000738
27450	0.000738
27465	0.000738
27480	0.000738
27495	0.000738
27510	0.000738
27525	0.000738
27540	0.000738
27555	0.000738
27570	0.000738
27585	0.000738
27600	0.000738
27615	0.000738
27630	0.000738
27645	0.000738
27660	0.000738
27675	0.000738
27690	0.000738
27705	0.000738
27720	0.000738
27735	0.000738
27750	0.000738
27765	0.000738
27780	0.000738
27795	0.000738
27810	0.000738
27825	0.000738
27840	0.000738
27855	0.000738
27870	0.000738
27885	0.000738
27900	0.000738
27915	0.000738
27930	0.000738
27945	0.000738
27960	0.000738
27975	0.000738
27990	0.000738
28000	0.000738
28015	0.000738
28030	0.000738
28045	0.000738
28060	0.000738
28075	0.000738
28090	0.000738
28105	0.000738
28120	0.000738
28135	0.000738
28150	0.000738
28165	0.000738
28180	0.000738
28195	0.000738
28210	0.000738
28225	0.000738
28240	0.000738
28255	0.000738
28270	0.000738
28285	0.000738
28300	0.000738
28315	0.000738
28330	0.000738
28345	0.000738
28360	0.000738
28375	0.000738
28390	0.000738
28405	0.000738
28420	0.000738
28435	0.000738
28450	0.000738
28465	0.000738
28480	0.000738
28495	0.000738
28510	0.000738
28525	0.000738
28540	0.000738
28555	0.000738
28570	0.000738
28585	0.000738
28600	0.000738
28615	0.000738
28630	0.000738
28645	0.000738
28660	0.000738
28675	0.000738
28690	0.000738
28705	0.000738
28720	0.000738
28735	0.000738
28750	0.000738
28765	0.000738
28780	0.000738
28795	0.000738
28810	0.000738
28825	0.000738
28840	0.000738
28855	0.000738
28870	0.000738
28885	0.000738
28900	0.000738
28915	0.000738
28930	0.000738
28945	0.000738
28960	0.000738
28975	0.000738
28990	0.000738
29000	0.000738
29015	0.000738
29030	0.000738
29045	0.000738
29060	0.000738
29075	0.000738
29090	0.000738
29105	0.000738
29120	0.000738
29135	0.000738
29150	0.000738
29165	0.000738
29180	0.000738
29195	0.000738
29210	0.000738
29225	0.000738
29240	0.000738
29255	0.000738
29270	0.000738
29285	0.000738
29300	0.000738
29315	0.000738
29330	0.000738
29345	0.000738
29360	0.000738
29375	0.000738
29390	0.000738
29405	0.000738
29420	0.000738
29435	0.000738
29450	0.000738
29465	0.000738
29480	0.000738
29495	0.000738
29510	0.000738
29525	0.000738
29540	0.000738
29555	0.000738
29570	0.000738
29585	0.000738
29600	0.000738
29615	0.000738
29630	0.000738
29645	0.000738
29660	0.000738
29675	0.000738
29690	0.000738
29705	0.000738
29720	0.000738
29735	0.000738
29750	0.000738
29765	0.000738
29780	0.000738
29795	0.000738
29810	0.000738
29825	0.000738
29840	0.000738
29855	0.000738
29870	0.000738
29885	0.000738
29900	0.000738
29915	0.000738
29930	0.000738
29945	0.000738
29960	0.000738
29975	0.000738
29990	0.000738
30000	0.000738
30015	0.000738
30030	0.000738
30045	0.000738
30060	0.000738
30075	0.000738
30090	0.000738
30105	0.000738
30120	0.000738
30135	0.000738
30150	0.000738
30165	0.000738
30180	0.000738
30195	0.000738
30210	0.000738
30225	0.000738
30240	0.000738
30255	0.000738
30270	0.000738
30285	0.000738
30300	0.000738
30315	0.000738
30330	0.000738
30345	0.000738
30360	0.000738
30375	0.000738
30390	0.000738
30405	0.000738
30420	0.000738
30435	0.000738
30450	0.000738
30465	0.000738
30480	0.000738
30495	0.000738
30510	0.000738
30525	0.000738
30540	0.000738
30555	0.000738
30570	0.000738
30585	0.000738
30600	0.000738
30615	0.000738
30630	0.000738
30645	0.000738
30660	0.000738
30675	0.000738
30690	0.000738
30705	0.000738
30720	0.000738
30735	0.000738
30750	0.000738
30765	0.000738
30780	0.000738
30795	0.000738
30810	0.000738
30825	0.000738
30840	0.000738
30855	0.000738
30870	0.000738
30885	0.000738
30900	0.000738
30915	0.000738
30930	0.000738
30945	0.000738
30960	0.000738
30975	0.000738
30990	0.000738
31000	0.000738
31015	0.000738
31030	0.000738
31045	0.000738
31060	0.000738
31075	0.000738
31090	0.000738
31105	0.000738
31120	0.000738
31135	0.000738
31150	0.000738
31165	0.000738
31180	0.000738
31195	0.000738
31210	0.000738
31225	0.000738
31240	0.000738
31255	0.000738
31270	0.000738
31285	0.000738
31300	0.000738
31315	0.000738
31330	0.000738
31345	0.000738
31360	0.000738
31375	0.000738
31390	0.000738
31405	0.000738
31420	0.000738
31435	0.000738
31450	0.000738
31465	0.000738
31480	0.000738
31495	0.000738
31510	0.000738
31525	0.000738
31540	0.000738
31555	0.000738
31570	0.000738
31585	0.000738
31600	0.000738
31615	0.000738
31630	0.000738
31645	0.000738
31660	0.000738
31675	0.000738
31690	0.000738
31705	0.000738
31720	0.000738
31735	0.000738
31750	0.000738
31765	0.000738
31780	0.000738
31795	0.000738
31810	0.000738
31825	0.000738
31840	0.000738
31855	0.000738
31870	0.000738
31885	0.000738
31900	0.000738
31915	0.000738
31930	0.000738
31945	0.000738
31960	0.000738
31975	0.000738
31990	0.000738
32000	0.000738
32015	0.000738
32030	0.000738
32045	0.000738
32060	0.000738
32075	0.000738
32090	0.000738
32105	0.000738
32120	0.000738
32135	0.000738
32150	0.000738
32165	0.000738
32180	0.000738
32195	0.000738
32210	0.000738
32225	0.000738
32240	0.000738
32255	0.000738
32270	0.000738
32285	0.000738
32300	0.000738
32315	0.000738
32330	0.000738
32345	0.000738
32360	0.000738
32375	0.000738
32390	0.000738
32405	0.000738
32420	0.000738
32435	0.000738
32450	0.000738
32465	0.000738
32480	0.000738
32495	0.000738
32510	0.000738
32525	0.000738
32540	0.000738
32555	0.000738
32570	0.000738
32585	0.000738
32600	0.000738
32615	0.000738
32630	0.000738
32645	0.000738
32660	0.000738
32675	0.000738
32690	0.000738
32705	0.000738
32720	0.000738
32735	0.000738
32750	0.000738
32765	0.000738
32780	0.000738
32795	0.000738
32810	0.000738
32825	0.000738
32840	0.000738
32855	0.000738
32870	0.000738
32885	0.000738
32900	0.000738
32915	0.000738
32930	0.000738
32945	0.000738
32960	0.000738
32975	0.000738
32990	0.000738
33000	0.000738
33015	0.000738
33030	0.000738
33045	0.000738
33060	0.000738
33075	0.000738
33090	0.000738
33105	0.000738
33120	0.000738
33135	0.000738
33150	0.000738
33165	0.000738
33180	0.000738
33195	0.000738
33210	0.000738
33225	0.000738
33240	0.000738
33255	0.000738
33270	0.000738
33285	0.000738
33300	0.000738
33315	0.000738
33330	0.000738
33345	0.000738
33360	0.000738
33375	0.000738
33390	0.000738
33405	0.000738
33420	0.000738
33435	0.000738
33450	0.000738
33465	0.000738
33480	0.000738
33495	0.000738
33510	0.000738
33525	0.000738
33540	0.000738
33555	0.000738
33570	0.000738
33585	0.000738
33600	0.000738
33615	0.000738
33630	0.000738
33645	0.000738
33660	0.000738
33675	0.000738
33690	0.000738
33705	0.000738
33720	0.000738
33735	0.000738
33750	0.000738
33765	0.000738
33780	0.000738
33795	0.000738
33810	0.000738
33825	0.000738
33840	0.000738
33855	0.000738
33870	0.000738
33885	0.000738
33900	0.000738
33915	0.000738
33930	0.000738
33945	0.000738
33960	0.000738
33975	0.000738
33990	0.000738
34000	0.000738
34015	0.000738
34030	0.000738
34045	0.000738
34060	0.000738
34075	0.000738
34090	0.000738
34105	0.000738
34120	0.000738
34135	0.000738
